nExp,  A0x,  A0y,  A1x,  A1y,  A2x,  A2y,  A3x,  A3y,  A4x,  A4y,  A5x,  A5y 
   0,   11,   63,    1,   25,   10,   48,   11,   57,    1,   43,   11,   60
   1,    1,   52,   10,   43,   11,   65,   11,   64,    1,   51,   11,   62
   2,    1,   17,    1,   44,   11,   65,    1,   58,    1,   55,   10,   36
   3,   10,   47,   11,   62,    0,   41,   11,   56,    1,   59,    0,   45
   4,    0,   64,   11,   59,    0,   33,   10,   63,    0,   44,   10,   52
   5,   11,   60,   11,   61,   10,   49,   10,   47,   10,   44,    0,   26
   6,   10,   55,    1,   16,   11,   64,   11,   64,   11,   65,   10,   47
   7,   10,   44,   11,   64,   11,   61,   11,   60,    1,   47,   11,   65
   8,   11,   54,   10,   50,   10,   61,    0,   53,    0,   28,   11,   57
   9,   11,   55,    0,   51,    0,   45,   11,   60,   10,   36,   10,   54
  10,   10,   47,    1,   64,    0,   19,   11,   56,    0,   28,   11,   65
  11,    0,   38,    0,   30,    0,   49,    1,   21,   10,   37,    0,   65
  12,    0,   35,   10,   61,   11,   56,   10,   64,    0,   50,   11,   58
  13,    1,   44,    1,   21,    1,   34,   10,   51,    1,   31,   11,   57
  14,   10,   36,   10,   46,    0,   31,    0,   63,    1,   27,    1,   63
  15,   10,   54,   10,   47,    1,   47,    0,   27,    1,   24,   10,   47
  16,   11,   60,    1,   33,   10,   48,   10,   37,    1,   25,    0,   43
  17,    1,   42,   11,   64,    1,   28,    1,   55,   11,   63,    0,   65
  18,   10,   38,   10,   65,    1,   48,    1,   23,   10,   36,   11,   60
  19,    0,   23,   10,   62,    1,   64,    0,   58,    1,   16,    1,   36
  20,   11,   64,    0,   43,   10,   46,   11,   57,    0,   19,   10,   52
  21,   11,   65,   11,   54,   10,   57,   10,   57,   11,   61,    1,   41
  22,    0,   46,    0,   25,    1,   54,   10,   46,   10,   37,    0,   65
  23,    1,   33,   10,   44,    1,   24,    0,   26,   10,   38,    1,   29
  24,    1,   17,   11,   59,   11,   65,    1,   37,   10,   48,    1,   51
  25,   11,   65,   10,   47,   11,   61,    0,   22,   10,   37,    0,   36
  26,   10,   49,    1,   43,   10,   48,    1,   65,    1,   53,    1,   31
  27,    0,   59,   10,   63,    1,   48,    0,   37,    0,   20,   11,   56
  28,    0,   27,    1,   41,    0,   65,   11,   55,    1,   48,   11,   59
  29,   11,   57,    1,   38,   10,   42,   10,   42,    1,   63,   11,   63
  30,    0,   25,    1,   54,   11,   60,   10,   60,    0,   22,   11,   54
  31,    0,   19,    0,   58,    1,   20,    0,   49,   11,   60,   11,   60
  32,   10,   56,   11,   63,   11,   62,   11,   56,   10,   53,   11,   59
  33,   11,   58,   10,   61,   11,   61,    0,   26,   10,   43,    0,   59
  34,   11,   57,    1,   55,    0,   48,    0,   31,   11,   54,    0,   38
  35,    1,   58,   10,   56,    0,   65,    1,   45,    1,   14,    1,   20
  36,    0,   47,   10,   39,   10,   46,    1,   53,    1,   59,   10,   50
  37,   10,   46,    0,   50,   10,   59,    0,   61,   11,   65,   11,   62
  38,   11,   60,   11,   56,   11,   59,   11,   59,   11,   54,    0,   62
  39,    1,   60,   11,   61,   10,   42,    0,   57,   11,   63,   10,   48
  40,    1,   18,    1,   42,   11,   65,    1,   17,   11,   62,    0,   39
  41,   10,   36,   11,   65,   10,   38,    0,   35,    0,   34,    0,   64
  42,   11,   54,   11,   56,    0,   50,   11,   55,    0,   35,    0,   47
  43,   11,   56,    0,   34,   11,   55,   11,   58,    1,   27,   11,   65
  44,   10,   41,   11,   55,   10,   40,   11,   65,   11,   57,    0,   54
  45,    1,   34,    0,   24,    0,   21,    0,   38,   10,   58,    0,   38
  46,   10,   38,    1,   31,   11,   54,    1,   34,   10,   45,    0,   32
  47,    1,   63,   11,   57,   10,   56,   11,   59,    1,   53,    1,   25
  48,    1,   62,    0,   40,   10,   50,    0,   18,   10,   54,    0,   32
  49,   11,   61,   10,   40,   10,   50,   10,   58,    0,   54,    1,   65
  50,    0,   60,    0,   30,   10,   53,    1,   17,    1,   27,   11,   64
  51,   10,   37,   11,   57,    1,   40,    0,   62,    0,   37,    1,   40
  52,   10,   54,   10,   48,   10,   48,   11,   63,    1,   32,   10,   40
  53,   10,   47,   10,   40,   10,   46,    1,   34,    1,   49,    1,   47
  54,    0,   32,   10,   37,   10,   36,    1,   59,    0,   43,    0,   59
  55,   10,   58,   10,   36,    0,   47,   11,   64,   10,   57,    0,   54
  56,    1,   17,    1,   29,    0,   38,   11,   59,    1,   50,   10,   39
  57,   11,   59,   11,   58,   11,   58,    0,   27,   11,   61,    0,   36
  58,    0,   22,    0,   20,   10,   41,   10,   54,   10,   51,    1,   59
  59,    1,   36,   10,   51,   11,   65,   11,   65,   10,   50,   10,   42
  60,    1,   14,    0,   18,   10,   40,   11,   62,   11,   58,   11,   59
  61,    1,   17,   11,   63,    1,   36,    1,   13,    0,   35,    0,   43
  62,    0,   27,   10,   58,    1,   58,    1,   30,   10,   37,   11,   54
  63,    1,   51,    0,   56,   11,   59,    0,   21,    0,   54,    1,   61
  64,    1,   16,    1,   52,   11,   54,    0,   41,    0,   59,   11,   57
  65,    1,   42,    1,   41,    0,   32,    1,   44,   10,   43,    0,   23
  66,   11,   55,   10,   43,    1,   51,   10,   58,   10,   61,    0,   48
  67,    0,   53,    1,   48,   10,   55,    0,   57,    0,   42,   10,   43
  68,   10,   44,    0,   56,   10,   45,   10,   36,    0,   36,   11,   60
  69,    0,   54,   11,   63,   10,   56,    0,   53,   11,   63,    1,   43
  70,   10,   63,    0,   58,   10,   46,    1,   12,    0,   49,   10,   50
  71,   11,   59,    1,   57,    1,   44,   10,   60,   11,   58,    0,   19
  72,   10,   64,    1,   35,   10,   55,    1,   48,    1,   31,   10,   57
  73,    0,   19,   10,   36,    0,   28,   10,   37,    0,   64,    1,   60
  74,    0,   38,    1,   21,    1,   65,   10,   47,    1,   26,   10,   58
  75,   10,   49,    0,   62,    1,   33,    0,   24,   11,   60,   10,   40
  76,    1,   57,   11,   56,    0,   56,    0,   55,   10,   41,    0,   62
  77,   10,   54,    1,   20,   10,   43,   11,   62,    0,   62,    0,   22
  78,    1,   20,    0,   35,   10,   48,    1,   38,    1,   28,   11,   60
  79,   11,   63,   10,   43,   10,   49,   10,   48,    1,   13,   10,   37
  80,   10,   53,   11,   57,   10,   42,   10,   46,   11,   65,    0,   45
  81,    1,   64,   11,   61,   10,   56,    1,   61,   11,   57,   10,   36
  82,   11,   60,   11,   58,   10,   45,   11,   61,   11,   54,    0,   20
  83,    0,   62,   11,   59,   11,   63,   11,   62,    0,   44,    1,   63
  84,    0,   26,   10,   40,    0,   42,   11,   61,   11,   57,    1,   35
  85,   11,   62,   11,   60,   10,   65,    0,   55,   11,   64,   11,   55
  86,   10,   63,   10,   46,   11,   60,    1,   45,   11,   56,    0,   43
  87,   11,   62,   10,   54,    1,   51,    0,   60,    1,   63,   11,   54
  88,    1,   52,    1,   39,   11,   62,   11,   55,   11,   65,   10,   64
  89,    1,   59,   11,   61,    0,   19,    0,   30,   11,   58,   11,   61
  90,    1,   59,    0,   40,   11,   55,   10,   45,    0,   40,   10,   37
  91,   10,   46,    0,   27,    0,   43,    0,   62,   11,   65,    1,   60
  92,   11,   63,    1,   48,   10,   48,    1,   15,    0,   24,    1,   46
  93,   11,   54,   11,   54,   10,   58,   10,   64,    1,   43,    0,   44
  94,   11,   56,    1,   49,    1,   25,   11,   65,    0,   61,   10,   37
  95,   10,   55,    0,   54,   11,   54,   10,   49,    0,   40,    0,   34
  96,   10,   50,   10,   52,   11,   58,   11,   54,    1,   31,    1,   57
  97,   10,   65,   11,   55,    1,   13,   10,   36,   11,   56,    1,   15
  98,    1,   33,    0,   54,   10,   46,   11,   54,    0,   35,   11,   63
  99,   10,   52,   11,   58,    0,   56,    0,   36,    1,   18,    1,   21
 100,   10,   55,    0,   39,   10,   62,    1,   16,    0,   59,   11,   64
 101,    1,   46,    0,   57,    1,   63,    1,   13,   11,   61,    1,   13
 102,    1,   20,   10,   40,    0,   62,   10,   43,   11,   61,   11,   59
 103,   11,   62,    0,   29,    1,   21,    0,   28,   11,   59,   11,   55
 104,   10,   36,   11,   54,    1,   55,   11,   54,   11,   60,    0,   55
 105,    0,   47,   11,   62,    1,   13,    1,   61,    1,   25,    0,   42
 106,   10,   38,    1,   47,   11,   59,    1,   37,    0,   36,   10,   47
 107,   10,   61,   11,   64,    1,   13,   10,   50,    0,   19,    1,   55
 108,   11,   55,   11,   54,   10,   36,    1,   58,    1,   61,   10,   54
 109,    0,   34,    1,   43,   11,   57,   10,   64,    1,   45,   11,   61
 110,   11,   56,   11,   56,   10,   44,   10,   44,    1,   48,    1,   51
 111,    1,   19,   10,   40,    1,   33,    0,   52,   10,   59,   10,   52
 112,    0,   27,    0,   43,   11,   58,   11,   62,   10,   46,    0,   64
 113,   11,   58,   11,   64,    1,   39,    1,   49,   11,   65,   10,   45
 114,   11,   65,    1,   63,   10,   64,   11,   63,   10,   40,    0,   46
 115,   10,   64,   10,   56,   10,   42,   10,   65,    0,   51,   10,   47
 116,   11,   54,   11,   63,    1,   17,    1,   43,    1,   38,   11,   65
 117,   10,   60,    0,   59,   11,   56,   11,   64,   11,   60,   10,   42
 118,   10,   48,    0,   24,    1,   59,   10,   63,   11,   55,   10,   46
 119,   10,   49,    1,   17,   11,   59,   10,   50,    0,   43,    0,   58
 120,   11,   55,    0,   21,    1,   63,   10,   43,    0,   23,    0,   56
 121,    0,   59,   11,   55,   10,   36,   11,   60,   11,   59,   10,   63
 122,   10,   62,    1,   17,    0,   28,   11,   57,    0,   41,   11,   60
 123,    1,   16,   10,   42,    1,   32,   11,   56,   11,   62,    1,   59
 124,    1,   32,    0,   55,    1,   39,    1,   47,    1,   61,    1,   31
 125,    1,   53,   11,   64,    1,   27,    1,   30,    0,   26,   11,   59
 126,    0,   36,    1,   39,   11,   65,   10,   54,   10,   51,    1,   28
 127,   10,   38,    1,   60,    0,   64,   11,   60,    0,   22,    0,   33
 128,    0,   56,    1,   24,    0,   36,    0,   23,   10,   64,    0,   53
 129,    0,   18,   11,   64,    0,   26,    0,   62,    1,   55,    1,   32
 130,   11,   61,    1,   43,   10,   60,   10,   55,   10,   38,   11,   62
 131,    1,   49,   10,   55,    1,   42,   10,   42,   10,   39,    0,   61
 132,    0,   60,    1,   36,    1,   34,    1,   42,    1,   56,    0,   29
 133,    1,   62,    0,   52,    0,   37,   11,   59,    1,   25,    1,   24
 134,    1,   47,   10,   63,   11,   60,    0,   32,   10,   56,   11,   55
 135,    0,   59,   11,   63,    1,   48,    1,   22,    1,   54,   11,   65
 136,   11,   62,   10,   57,    0,   62,   10,   53,    1,   46,   10,   62
 137,   10,   42,    1,   25,   11,   64,   10,   41,    0,   24,    1,   48
 138,    0,   50,   11,   63,    1,   46,   11,   64,    1,   49,    0,   44
 139,    1,   35,    1,   47,   11,   59,    0,   54,   11,   65,    1,   37
 140,   10,   62,   10,   36,    0,   58,   10,   62,    1,   23,    0,   65
 141,    0,   48,    1,   32,   10,   38,   11,   59,    0,   38,   11,   57
 142,   10,   59,    0,   64,    0,   59,   10,   40,    1,   44,    1,   57
 143,    0,   36,   10,   46,   11,   57,    0,   25,   10,   52,    0,   65
 144,    1,   29,   10,   36,    1,   47,   11,   63,   11,   55,    1,   13
 145,    1,   32,    1,   32,   11,   56,   11,   60,    1,   41,    0,   41
 146,    0,   59,    1,   30,   11,   61,    1,   54,    0,   45,   10,   61
 147,   10,   50,   10,   59,    1,   42,   10,   65,   10,   64,    1,   44
 148,   10,   46,    1,   64,    1,   65,   11,   56,   11,   65,    1,   47
 149,   11,   54,   11,   57,   10,   64,    0,   47,    1,   18,   10,   65
 150,   10,   46,    1,   34,   10,   48,    0,   65,   11,   56,    0,   38
 151,   10,   36,   11,   61,    1,   59,   10,   45,   10,   65,    0,   52
 152,   11,   62,    0,   46,   11,   59,   10,   43,    1,   55,    1,   36
 153,    0,   35,   10,   42,   11,   58,    0,   32,   11,   64,   11,   54
 154,   11,   60,    0,   29,    1,   33,    1,   62,    0,   52,   11,   58
 155,    0,   28,    1,   19,   10,   43,    0,   29,   11,   59,   11,   65
 156,    0,   44,   11,   60,    0,   29,   11,   57,   11,   63,   10,   57
 157,   11,   64,    0,   26,   10,   42,   10,   50,    0,   22,    0,   57
 158,    0,   64,   11,   62,    1,   26,    1,   30,    1,   51,   11,   55
 159,    0,   28,    0,   59,   10,   38,    1,   36,   11,   63,    0,   48
 160,   10,   36,    0,   50,    1,   64,   10,   56,    0,   41,   10,   61
 161,    0,   37,    1,   35,    1,   27,   11,   64,    1,   46,    1,   43
 162,   10,   51,   10,   58,   11,   56,    0,   42,   10,   60,   10,   63
 163,   11,   60,   11,   59,    1,   35,    1,   47,    0,   53,   11,   59
 164,    0,   27,    0,   30,   11,   54,   11,   65,    0,   26,   11,   58
 165,   11,   54,   11,   54,   10,   63,   11,   57,   11,   58,    1,   31
 166,    1,   43,   11,   62,   11,   54,   10,   46,    0,   62,    0,   26
 167,    0,   49,   10,   51,   10,   64,   11,   64,    0,   61,    0,   49
 168,   11,   60,    1,   29,   11,   65,   10,   57,    1,   19,   11,   61
 169,    1,   64,   10,   45,   11,   54,   11,   55,    0,   30,   10,   54
 170,    1,   20,   11,   63,   10,   60,   11,   55,   11,   64,   10,   50
 171,   10,   39,   11,   57,   11,   61,   10,   52,    0,   19,    0,   55
 172,    0,   23,    1,   64,   11,   57,   11,   55,    1,   43,   11,   54
 173,    1,   61,    0,   46,    1,   42,   10,   48,   11,   65,   11,   54
 174,   11,   64,    0,   63,    0,   27,   11,   63,   10,   44,    1,   33
 175,    0,   48,    0,   55,    0,   18,    1,   53,   11,   60,   11,   55
 176,    1,   51,    1,   19,   10,   37,    1,   25,    1,   38,   10,   38
 177,    1,   32,    1,   37,    1,   15,    0,   48,   11,   60,    0,   21
 178,    0,   36,   10,   55,   10,   52,    1,   47,   10,   48,   11,   62
 179,   11,   59,    1,   53,    0,   36,   11,   58,   10,   43,    0,   23
 180,    1,   45,   10,   51,    0,   19,    1,   62,    0,   30,    1,   61
 181,   11,   54,   10,   43,   10,   58,   11,   62,   11,   63,    0,   20
 182,   10,   51,   11,   55,    1,   27,   11,   59,   11,   62,   11,   61
 183,   11,   56,    1,   43,   11,   60,   11,   61,   10,   47,    1,   27
 184,    0,   64,   10,   61,   11,   65,    0,   34,   10,   45,    0,   54
 185,   10,   52,   10,   39,   11,   59,   10,   54,   10,   57,    0,   41
 186,    0,   36,   10,   46,    1,   51,    0,   63,   10,   40,   10,   38
 187,   10,   56,    1,   28,   10,   64,   11,   58,   11,   55,    0,   65
 188,   11,   61,   10,   45,   11,   64,    1,   23,   10,   57,   11,   63
 189,    0,   65,   11,   60,    1,   51,   10,   38,   10,   36,   11,   63
 190,   10,   38,   10,   47,    0,   60,   11,   65,   10,   61,    0,   32
 191,   11,   61,    0,   24,    0,   41,    1,   51,    1,   16,   11,   61
 192,   11,   56,   11,   54,   10,   50,    0,   57,    1,   60,   10,   61
 193,   11,   63,   10,   36,    0,   27,   10,   36,    0,   41,    0,   33
 194,    0,   26,    1,   59,    0,   49,   10,   56,    0,   34,    1,   41
 195,   11,   56,   10,   37,    1,   63,   11,   55,   11,   62,   11,   59
 196,    1,   60,   10,   58,    0,   21,    1,   29,   10,   46,   11,   62
 197,    1,   18,   10,   52,    0,   19,   10,   51,   10,   48,    1,   33
 198,    0,   43,    0,   50,   10,   41,    0,   29,   10,   48,   11,   60
 199,   10,   42,    0,   62,    0,   24,    0,   45,   10,   48,    1,   46
 200,    1,   55,   10,   54,    0,   34,   11,   56,   10,   65,    1,   39
 201,    0,   18,    0,   40,   10,   61,    1,   29,   10,   55,   10,   62
 202,    0,   23,    1,   45,   10,   42,    0,   62,    0,   18,    1,   39
 203,   10,   58,    0,   42,    1,   51,    1,   55,    0,   65,   10,   48
 204,   10,   47,    0,   39,    1,   47,   10,   60,    1,   20,    0,   45
 205,    1,   23,   11,   55,   11,   60,   11,   64,    1,   37,    0,   35
 206,   11,   55,    0,   20,   11,   62,   10,   49,    1,   43,   10,   59
 207,    0,   48,   10,   53,   10,   51,   11,   61,   10,   36,    0,   46
 208,   11,   55,   10,   40,   11,   63,   10,   38,    1,   26,    1,   54
 209,   10,   65,   10,   40,   11,   54,    1,   46,    1,   13,    1,   25
 210,   11,   61,    0,   59,    0,   33,   11,   63,    1,   40,   11,   62
 211,   10,   55,   11,   65,    1,   36,   10,   43,   10,   63,    1,   31
 212,    1,   32,   10,   37,   11,   57,   10,   48,   10,   53,   10,   40
 213,    0,   23,    1,   25,    1,   37,   10,   39,    1,   63,    0,   18
 214,    1,   50,   11,   55,    0,   32,   10,   63,    1,   54,    0,   48
 215,    0,   54,   11,   59,   10,   46,   11,   58,   10,   65,   10,   49
 216,    0,   63,   10,   57,   10,   43,   10,   38,    0,   58,   10,   45
 217,   10,   52,   10,   36,    0,   22,   11,   59,    0,   35,   10,   49
 218,   10,   64,    1,   17,    0,   52,    1,   18,   11,   64,    0,   47
 219,   10,   43,   11,   62,    1,   20,    1,   56,    0,   51,   10,   52
 220,    0,   23,    1,   46,    1,   25,    1,   37,   10,   52,    1,   34
 221,   11,   61,   11,   61,    1,   39,    1,   58,   10,   62,   10,   43
 222,    1,   20,   11,   64,    1,   13,    1,   54,   10,   56,    0,   22
 223,   10,   60,    0,   57,   11,   61,   10,   36,    1,   37,   11,   59
 224,    0,   45,    0,   65,   10,   57,   10,   64,    1,   27,    0,   19
 225,    1,   52,   10,   36,   10,   60,   11,   63,    1,   50,   10,   37
 226,    0,   34,   10,   47,   10,   58,   11,   57,   11,   60,   10,   55
 227,   10,   40,   10,   48,   11,   62,   11,   65,   11,   61,   10,   50
 228,    1,   34,   11,   61,    0,   19,    1,   35,    0,   28,    1,   32
 229,   10,   40,   11,   59,    0,   22,   11,   54,   10,   41,   10,   65
 230,   11,   59,    1,   27,    1,   63,    0,   40,   11,   55,    0,   57
 231,    1,   55,    1,   13,   11,   57,    1,   15,   10,   60,    0,   62
 232,   10,   52,    0,   60,    1,   14,   11,   58,    1,   15,    0,   20
 233,   11,   64,    1,   16,    0,   63,   10,   59,    0,   21,   11,   55
 234,   11,   65,    1,   18,   10,   49,   10,   62,   10,   40,    1,   57
 235,   10,   38,   10,   37,   11,   56,   10,   65,   11,   60,    1,   49
 236,   10,   63,    0,   51,    0,   37,   11,   58,    1,   31,    1,   12
 237,    0,   53,   10,   55,    0,   23,    1,   38,    0,   64,   11,   64
 238,    0,   49,   11,   57,   11,   55,   11,   55,    1,   22,    0,   50
 239,    0,   56,   11,   65,   11,   65,   10,   36,    1,   33,   11,   59
 240,    1,   55,   11,   54,   11,   62,   11,   61,    0,   50,    0,   65
 241,   11,   64,   10,   43,   11,   63,   10,   41,    0,   45,   10,   48
 242,   11,   62,    1,   13,   10,   45,   11,   56,   10,   41,   11,   61
 243,   11,   64,    1,   41,    1,   45,    1,   56,    1,   53,    0,   35
 244,    1,   60,   10,   58,   10,   63,   10,   54,   11,   63,    0,   59
 245,    0,   53,    1,   33,    0,   38,   11,   63,   10,   55,    0,   21
 246,   11,   64,    0,   61,   10,   38,    0,   26,    1,   60,    1,   41
 247,    1,   37,    1,   29,    1,   27,   10,   36,   11,   60,   10,   48
 248,   10,   58,   10,   64,    1,   16,   11,   62,    0,   41,   11,   65
 249,    1,   37,    1,   52,   10,   50,    0,   46,    0,   35,    1,   15
 250,    0,   55,    1,   18,   11,   57,    1,   49,    0,   55,   11,   59
 251,   10,   57,   11,   63,    1,   39,    1,   40,   11,   55,   11,   60
 252,    0,   62,    0,   19,    1,   42,    0,   48,   10,   52,    0,   35
 253,    0,   40,    1,   29,   11,   61,    0,   49,   11,   58,   11,   61
 254,    1,   33,    0,   38,    1,   38,   10,   62,    0,   56,   11,   61
 255,    0,   21,    0,   33,    1,   55,    1,   20,   11,   62,   11,   59
 256,    0,   46,    1,   29,    0,   33,    1,   31,   10,   39,    1,   52
 257,    1,   58,   11,   56,   10,   55,    0,   44,    1,   24,   10,   62
 258,   11,   55,    1,   16,    1,   47,   10,   37,    0,   48,   11,   61
 259,    0,   21,   10,   42,   10,   45,   11,   64,   10,   57,   11,   61
 260,   10,   48,   11,   56,    0,   52,    0,   42,   11,   58,   10,   62
 261,   10,   38,   10,   59,   11,   59,    0,   34,    1,   62,    0,   61
 262,    1,   17,   11,   55,    0,   29,   10,   55,   11,   61,   10,   50
 263,   10,   55,    1,   27,   10,   54,    0,   27,   10,   60,    1,   21
 264,    0,   43,   10,   54,   10,   55,   11,   57,   11,   56,    1,   38
 265,   10,   58,    0,   53,   11,   54,   10,   36,    0,   59,    0,   61
 266,   10,   58,   10,   58,   10,   62,    1,   32,   10,   51,   10,   47
 267,    1,   33,    0,   53,   10,   62,   10,   48,   11,   54,   10,   63
 268,   11,   57,    1,   27,   11,   58,    1,   29,    1,   58,    1,   40
 269,    1,   30,    1,   60,    1,   49,    0,   61,    1,   28,    1,   51
 270,   11,   63,    0,   64,    1,   63,    0,   63,    0,   59,    1,   57
 271,    0,   59,   10,   39,   11,   59,    0,   58,    0,   19,   10,   38
 272,   10,   38,   11,   55,   10,   55,    1,   17,    1,   30,   11,   56
 273,    0,   46,    1,   27,    0,   58,    0,   61,   11,   55,   11,   57
 274,   11,   57,    1,   50,   10,   58,    1,   15,    1,   59,   11,   65
 275,   10,   45,    1,   38,    0,   59,    0,   33,   11,   60,   11,   54
 276,   11,   61,   11,   62,   11,   58,   10,   61,   10,   59,   11,   57
 277,    1,   33,    0,   61,   11,   55,   11,   57,   10,   50,    1,   44
 278,   11,   58,    0,   58,   11,   63,    0,   38,   11,   64,   11,   65
 279,   10,   40,    1,   63,    0,   62,    1,   43,   11,   55,    0,   40
 280,   11,   65,   10,   41,   11,   58,    1,   43,    1,   40,   11,   54
 281,   11,   59,   11,   64,   10,   50,   10,   53,    1,   50,   11,   58
 282,   11,   60,    1,   20,   10,   44,   11,   65,    1,   32,    1,   25
 283,   11,   63,   11,   54,   11,   63,   11,   65,    1,   16,   10,   52
 284,    0,   53,   11,   62,   11,   63,   11,   55,   10,   54,   11,   59
 285,    1,   40,    1,   12,    0,   27,    1,   47,   10,   53,   11,   55
 286,    1,   41,   11,   64,   10,   55,   11,   63,   10,   36,    1,   15
 287,   11,   63,    1,   17,   10,   46,   10,   61,   10,   60,    0,   29
 288,    1,   37,   11,   56,   10,   52,   10,   36,    0,   22,    1,   44
 289,   10,   55,    0,   59,    1,   56,    0,   36,   10,   54,   10,   63
 290,   11,   61,   10,   48,   10,   54,   11,   56,    1,   21,    0,   19
 291,    0,   54,    1,   28,    0,   45,    1,   14,    1,   55,   11,   65
 292,   11,   59,   11,   63,    1,   32,   10,   49,   10,   60,   11,   61
 293,   10,   42,    1,   24,   10,   52,    0,   25,    0,   23,   10,   55
 294,   10,   59,   10,   43,   11,   58,    0,   28,    1,   45,   11,   64
 295,   11,   63,   10,   41,   10,   56,    1,   32,    1,   65,   10,   46
 296,    0,   34,    0,   57,    0,   36,   10,   43,    0,   64,   11,   54
 297,   10,   37,    1,   17,   11,   56,    1,   16,   11,   60,    1,   41
 298,    0,   56,    1,   57,   10,   44,    1,   27,   11,   64,   10,   56
 299,    0,   56,    1,   26,    1,   60,    0,   65,    1,   45,   10,   37
 300,   11,   58,    1,   56,    1,   19,    0,   51,    0,   46,    0,   23
 301,    1,   27,    0,   63,   11,   65,   11,   64,   10,   48,   10,   51
 302,    0,   55,    0,   49,   11,   60,    0,   35,   10,   48,    0,   46
 303,   11,   65,    0,   49,    0,   25,   10,   54,    0,   53,   11,   65
 304,    0,   50,   10,   56,   11,   57,   11,   55,    0,   62,    1,   50
 305,    0,   46,    1,   51,   10,   63,   11,   59,    0,   50,    1,   50
 306,   11,   58,    1,   30,    1,   25,    1,   31,    1,   63,    1,   12
 307,   11,   60,    1,   54,    0,   59,    0,   19,    0,   58,    0,   61
 308,    1,   22,   10,   43,   10,   58,   10,   45,   10,   54,    0,   40
 309,   10,   47,    0,   61,    0,   59,    0,   65,   11,   55,   11,   62
 310,   11,   59,    1,   54,   10,   52,   11,   63,    1,   61,   10,   61
 311,    0,   24,    0,   29,    0,   19,   10,   53,   10,   54,    1,   36
 312,    0,   47,   10,   54,   11,   62,    0,   47,   10,   56,   10,   58
 313,    1,   42,   11,   57,   10,   58,   11,   60,   11,   65,   10,   49
 314,    0,   46,    1,   49,   10,   61,   10,   60,   11,   65,    1,   43
 315,   10,   53,   10,   64,    0,   32,    1,   39,   11,   59,    0,   59
 316,   10,   59,    1,   63,    1,   36,    1,   29,   11,   60,   10,   54
 317,    1,   30,    0,   36,    1,   30,   10,   56,   10,   42,    0,   64
 318,    1,   37,    0,   50,    0,   20,    1,   64,    1,   15,   10,   41
 319,    1,   37,   10,   45,   11,   63,   10,   38,   11,   63,   11,   63
 320,    0,   61,    1,   26,    0,   25,    1,   24,   11,   54,    1,   32
 321,   11,   64,    1,   48,    1,   25,   10,   49,   10,   58,   10,   43
 322,    0,   18,    1,   47,   11,   57,    0,   41,    1,   30,    0,   42
 323,    1,   50,   10,   47,    0,   64,    0,   53,   10,   36,   10,   65
 324,    0,   52,   10,   52,    1,   36,    0,   35,   10,   61,   10,   54
 325,    0,   18,   11,   63,   11,   55,   11,   57,   10,   36,   11,   65
 326,   11,   55,    0,   44,    1,   13,    1,   54,   11,   56,   11,   58
 327,   11,   58,   11,   62,    1,   15,    0,   63,   10,   59,    0,   43
 328,   10,   64,   10,   63,    1,   43,   10,   38,    0,   30,    1,   21
 329,    1,   17,    0,   59,    0,   39,    0,   56,    1,   47,   11,   58
 330,    0,   25,    1,   44,   10,   53,    0,   18,    0,   39,   11,   60
 331,   11,   64,   11,   57,   10,   48,   11,   61,    1,   62,   11,   59
 332,    1,   33,    1,   28,    0,   57,    0,   47,    0,   59,    0,   24
 333,    0,   61,   11,   57,   11,   60,    0,   45,    0,   51,    1,   32
 334,   11,   61,   11,   56,    0,   58,   10,   39,    1,   63,   10,   52
 335,   11,   64,    1,   56,   11,   65,    1,   60,   11,   59,   10,   40
 336,   10,   47,   11,   58,   11,   57,    1,   33,   11,   56,   11,   63
 337,   11,   62,    1,   62,    0,   61,   10,   42,    1,   58,    0,   30
 338,    0,   28,    0,   34,   11,   61,    0,   23,   11,   57,    1,   22
 339,    1,   63,    1,   34,    1,   44,   10,   43,    0,   44,   10,   37
 340,    1,   34,    1,   29,   10,   60,    0,   38,   10,   53,   11,   64
 341,   10,   62,   11,   55,    0,   36,    1,   13,   11,   60,   11,   64
 342,   11,   58,   11,   62,    0,   44,    0,   48,    1,   14,   11,   65
 343,   10,   42,    1,   49,    0,   27,    0,   62,   11,   55,    0,   49
 344,   11,   56,   11,   59,   11,   54,   10,   48,   11,   65,    0,   54
 345,    1,   59,   11,   65,   10,   50,    0,   20,   11,   55,    1,   17
 346,    0,   33,    0,   31,   11,   56,   11,   63,    0,   36,    0,   33
 347,    0,   24,   10,   37,    1,   41,    1,   25,   10,   38,    0,   32
 348,    1,   22,   10,   43,    1,   55,   10,   54,   11,   58,    1,   33
 349,    0,   46,    1,   55,   10,   46,   11,   57,    1,   58,   11,   56
 350,    0,   45,    0,   57,    1,   51,    0,   56,   10,   36,    0,   37
 351,   10,   49,   10,   63,    1,   34,   11,   54,    1,   15,   10,   56
 352,   10,   54,   10,   36,   10,   54,   11,   63,    0,   46,    1,   27
 353,    0,   23,    0,   29,    1,   44,    1,   23,   10,   50,    0,   28
 354,    1,   62,    1,   25,   11,   65,    0,   59,    1,   25,   11,   60
 355,   10,   56,    1,   49,   10,   60,    0,   32,   10,   55,   10,   60
 356,    1,   46,   10,   61,    1,   40,    0,   62,   11,   57,   11,   59
 357,    1,   32,   10,   65,   11,   64,    1,   22,    0,   63,    0,   28
 358,   11,   64,    0,   43,    1,   58,   10,   50,   10,   65,   10,   60
 359,   11,   57,    1,   22,   10,   59,    1,   29,    1,   50,    0,   62
 360,   10,   53,    0,   22,    0,   47,   10,   40,   11,   57,    0,   32
 361,   11,   59,   10,   44,   10,   43,    0,   52,    1,   28,   10,   47
 362,   11,   65,   10,   37,   10,   36,    1,   16,   11,   54,   10,   49
 363,   10,   43,    1,   35,    1,   38,   11,   61,   11,   60,   10,   54
 364,   10,   58,   10,   47,    1,   51,    0,   63,   11,   64,   11,   65
 365,   10,   61,    0,   40,    0,   35,    1,   21,   10,   41,    0,   53
 366,   11,   65,   11,   56,   10,   51,    0,   29,   10,   61,   11,   63
 367,    1,   63,   10,   44,    1,   32,    0,   48,   10,   60,    0,   25
 368,    1,   23,    1,   31,    1,   39,   10,   51,   11,   54,   10,   55
 369,   11,   60,   10,   49,    0,   22,    1,   45,    1,   21,   11,   65
 370,    1,   27,    0,   64,   10,   52,    1,   55,    0,   49,   10,   64
 371,   11,   59,   10,   51,    0,   43,   10,   63,   10,   43,   10,   56
 372,    1,   19,    0,   32,    0,   32,    0,   38,   10,   36,    0,   22
 373,    1,   59,    1,   33,    1,   20,    0,   28,    0,   36,   11,   57
 374,   11,   60,   11,   60,   10,   59,   11,   56,    0,   26,    0,   21
 375,    0,   37,   10,   36,   10,   57,   11,   61,   10,   44,    1,   45
 376,   11,   58,   10,   46,   10,   37,    0,   49,   11,   57,   10,   59
 377,    0,   50,    1,   22,    0,   57,   10,   48,    1,   20,   11,   60
 378,    0,   37,   11,   57,   10,   38,   11,   61,    1,   22,    1,   54
 379,    0,   30,    1,   27,   10,   63,   10,   55,    1,   37,   10,   56
 380,    1,   37,    0,   32,   11,   65,    1,   35,    0,   51,   11,   54
 381,   10,   42,    0,   49,    1,   16,   10,   62,   10,   59,   10,   52
 382,    1,   41,    1,   12,   10,   63,    1,   35,   10,   36,    0,   54
 383,   10,   37,    1,   44,    0,   63,    0,   47,    0,   30,    0,   54
 384,   11,   64,    0,   48,   11,   61,    0,   39,    1,   46,    0,   49
 385,    0,   20,    0,   59,   11,   57,    0,   30,   11,   60,    0,   52
 386,   10,   61,   11,   64,   10,   62,   10,   42,   10,   44,    0,   26
 387,    0,   31,   11,   60,   10,   39,   11,   55,   11,   56,    0,   63
 388,    0,   31,   10,   53,   10,   45,   11,   54,    0,   29,   11,   55
 389,   10,   64,   11,   55,    1,   15,   11,   59,    1,   60,   10,   65
 390,   10,   39,    0,   23,    1,   54,   11,   54,    1,   62,   11,   57
 391,   11,   55,    1,   23,    1,   40,    0,   26,   10,   61,    0,   63
 392,   10,   59,    0,   35,    1,   42,   11,   60,   11,   65,   11,   58
 393,   11,   57,   10,   56,   10,   63,   11,   63,    1,   59,   10,   45
 394,    1,   24,   11,   58,    1,   32,   10,   44,   11,   62,   11,   54
 395,    1,   23,    0,   34,   11,   58,    0,   58,   11,   60,    0,   25
 396,    1,   34,    1,   53,   11,   59,    0,   39,    0,   40,    1,   65
 397,    1,   18,   11,   62,   10,   45,    0,   52,    1,   45,    0,   39
 398,   10,   52,   10,   42,    1,   15,    0,   27,   10,   59,   10,   46
 399,    0,   51,   11,   54,   10,   46,    1,   51,    1,   41,   10,   55
 400,    1,   40,   10,   36,    0,   40,   10,   64,   10,   56,   11,   55
 401,    0,   40,   10,   45,    1,   58,   10,   53,   11,   61,    1,   21
 402,    0,   42,    0,   42,   11,   58,   11,   63,   11,   58,   10,   55
 403,    0,   26,   10,   57,    0,   41,    1,   34,   11,   65,    0,   62
 404,   10,   47,    0,   46,   10,   64,   11,   63,   11,   62,   11,   60
 405,   10,   49,   11,   64,   11,   57,    0,   47,    1,   33,   11,   62
 406,   11,   63,    1,   17,    1,   54,    1,   57,    1,   56,   11,   62
 407,    0,   62,    1,   16,    0,   59,    1,   43,   11,   65,   10,   57
 408,   10,   48,    0,   27,    1,   23,   11,   56,    0,   51,   11,   61
 409,    1,   56,    0,   49,    1,   52,    1,   45,    0,   58,   10,   41
 410,   11,   65,   10,   61,   11,   57,    0,   33,   11,   57,    1,   57
 411,    0,   39,    1,   34,   11,   59,    0,   60,   11,   58,    0,   41
 412,   10,   49,    0,   22,   10,   52,   10,   44,    1,   30,   10,   49
 413,    0,   50,   11,   58,    0,   44,   10,   46,   11,   65,    1,   39
 414,    1,   48,    0,   32,   11,   56,   10,   42,    0,   37,   10,   43
 415,    1,   36,   10,   40,   10,   53,   11,   61,    1,   38,   10,   51
 416,   10,   44,    0,   64,   11,   62,   11,   65,    1,   30,   11,   62
 417,    0,   55,    0,   27,   10,   42,    1,   20,   10,   54,   11,   55
 418,   11,   57,    0,   34,   11,   57,    1,   26,   10,   47,   11,   55
 419,   10,   65,    1,   40,   11,   55,    1,   58,   11,   60,   11,   60
 420,   10,   60,    0,   22,    0,   61,    0,   42,    1,   33,    1,   58
 421,    0,   53,   10,   53,    1,   53,   10,   48,    1,   34,   10,   43
 422,   11,   64,    1,   40,   10,   50,    0,   48,   10,   53,   10,   50
 423,   11,   55,   11,   54,   11,   59,   10,   37,   11,   56,   11,   65
 424,   11,   61,    0,   46,   10,   63,   10,   40,    0,   56,    1,   30
 425,    1,   61,   11,   63,    1,   65,   10,   62,   11,   61,   10,   64
 426,    0,   43,    0,   57,   11,   60,    1,   60,    0,   55,    0,   55
 427,   11,   63,   10,   41,   11,   56,   11,   61,   11,   60,    0,   62
 428,   10,   49,    1,   42,   11,   57,    1,   22,    1,   53,    0,   58
 429,    0,   25,    0,   53,   10,   61,    0,   61,    0,   25,    1,   30
 430,   11,   62,    0,   23,   10,   39,   10,   57,   10,   36,   11,   57
 431,    1,   40,   11,   57,   10,   61,   10,   42,    1,   19,   10,   50
 432,    1,   61,    0,   24,   10,   47,    1,   43,   10,   36,    0,   20
 433,    0,   28,   11,   54,    0,   45,    1,   47,    0,   51,    0,   34
 434,    1,   45,    0,   19,    0,   46,    1,   49,    1,   12,    0,   62
 435,   11,   63,    1,   50,    1,   13,    1,   49,    0,   65,    1,   45
 436,    0,   22,   11,   61,    0,   36,   10,   60,    1,   36,   11,   61
 437,   11,   60,   10,   60,   11,   56,   10,   57,    1,   28,    0,   63
 438,   10,   63,   10,   45,   11,   64,   11,   60,    1,   56,   10,   38
 439,   11,   63,   10,   42,    1,   38,   11,   59,   11,   59,    0,   37
 440,   11,   61,   11,   62,   10,   63,   10,   52,   11,   65,   11,   56
 441,    1,   46,    0,   37,   10,   61,    0,   33,    1,   20,    1,   65
 442,    1,   15,   11,   65,   11,   61,    1,   56,   10,   41,   10,   50
 443,   10,   42,    1,   28,    1,   49,    1,   47,    0,   19,    1,   61
 444,    0,   22,   11,   57,    0,   21,    0,   28,   10,   37,   11,   65
 445,    1,   56,   10,   36,   11,   65,   10,   57,    1,   58,    0,   35
 446,   11,   56,    0,   20,    0,   60,   11,   60,   11,   55,   11,   62
 447,   11,   57,    0,   47,   10,   63,    0,   28,   10,   60,    1,   33
 448,   10,   38,    1,   26,    0,   35,    1,   60,   10,   43,    1,   40
 449,   11,   57,    1,   18,    0,   27,   10,   56,   11,   63,    1,   32
 450,   11,   60,   10,   57,   11,   58,   11,   59,    1,   51,   10,   45
 451,   10,   39,   11,   54,    0,   51,   11,   65,    1,   62,   10,   38
 452,    1,   38,   11,   54,   10,   52,   11,   58,    1,   47,    0,   48
 453,    1,   24,    0,   46,   10,   44,    1,   64,    1,   43,    1,   34
 454,    0,   35,   11,   59,   11,   65,    1,   19,   10,   37,    0,   32
 455,    0,   40,   11,   59,    1,   21,   10,   36,    0,   43,   11,   58
 456,    1,   28,   11,   60,   11,   62,    1,   32,    0,   20,   11,   61
 457,   11,   56,   10,   52,    0,   57,   11,   65,    0,   46,   11,   65
 458,    1,   59,   11,   64,   10,   64,   10,   39,    0,   28,    0,   42
 459,    1,   27,    1,   19,    1,   59,   10,   58,    1,   65,    1,   28
 460,   10,   56,    1,   34,    0,   47,    1,   40,    0,   41,   11,   58
 461,   10,   41,    0,   30,    0,   57,    1,   64,   10,   61,    0,   37
 462,    1,   23,   11,   63,    0,   46,   11,   58,   11,   60,   10,   60
 463,    0,   55,    1,   57,    0,   32,   10,   55,    1,   48,   11,   58
 464,    0,   35,    0,   25,   10,   44,    0,   61,    0,   34,   10,   61
 465,   11,   61,   11,   60,    0,   41,    1,   33,    1,   56,   10,   57
 466,   11,   55,   10,   59,   10,   57,    1,   17,    0,   58,    1,   21
 467,    1,   40,    1,   13,    0,   46,    1,   53,    1,   54,   10,   45
 468,    1,   33,    0,   55,   11,   61,   10,   59,    0,   53,   10,   40
 469,   10,   60,    0,   21,    0,   32,    1,   57,    1,   53,    0,   51
 470,   11,   58,   11,   54,    0,   19,   11,   63,   10,   62,    1,   53
 471,   11,   61,   11,   64,   10,   59,   11,   56,    0,   47,   11,   63
 472,   11,   55,    1,   62,   10,   57,   11,   62,    1,   59,    1,   63
 473,   10,   41,   11,   63,   11,   61,    0,   21,    0,   43,    1,   43
 474,    1,   50,   10,   55,   11,   55,   11,   56,   11,   59,    1,   64
 475,   10,   37,   11,   57,    1,   19,   11,   61,   11,   61,   11,   64
 476,   11,   63,   11,   62,   10,   63,   11,   65,    0,   46,   11,   61
 477,    0,   25,    1,   40,    1,   31,    0,   48,    1,   39,    0,   65
 478,    1,   50,   11,   56,    1,   31,    0,   49,   11,   61,   10,   38
 479,    1,   38,   11,   59,   10,   51,    0,   18,   11,   65,    0,   25
 480,   11,   60,    0,   43,   11,   57,    1,   51,    1,   12,    1,   41
 481,   10,   48,    1,   50,   11,   64,    1,   18,   10,   42,    0,   48
 482,    0,   52,   10,   48,   11,   59,   10,   54,   10,   62,    0,   50
 483,    0,   28,   10,   45,    0,   44,   11,   60,    0,   32,    0,   33
 484,    0,   49,   10,   39,    0,   25,   11,   65,    1,   35,    0,   52
 485,   10,   36,    0,   18,    1,   59,   11,   61,   11,   64,   10,   47
 486,    1,   21,   10,   50,    0,   19,    0,   30,    1,   60,   11,   57
 487,   10,   52,   11,   57,    1,   44,    1,   34,    0,   53,   11,   61
 488,   10,   62,   11,   54,   10,   36,    1,   22,    0,   38,    0,   52
 489,    1,   59,    1,   64,   11,   58,    0,   24,    0,   20,   11,   58
 490,    1,   35,   11,   58,    1,   48,    1,   47,    1,   42,    1,   25
 491,   11,   61,   10,   44,   10,   52,   10,   52,    1,   47,    0,   32
 492,    1,   35,    0,   27,   11,   63,    0,   47,   10,   38,   10,   46
 493,    1,   31,   10,   61,   11,   57,   11,   54,   10,   57,   11,   59
 494,    1,   45,    1,   64,    1,   19,    1,   25,   11,   64,   10,   44
 495,    1,   20,   10,   42,    0,   61,    1,   45,    0,   31,    0,   31
 496,    0,   35,   11,   61,   11,   59,    0,   25,    1,   24,    0,   30
 497,    1,   34,   10,   64,   10,   38,    0,   37,    0,   44,   10,   44
 498,   10,   65,    0,   62,    1,   59,    1,   61,   11,   63,    1,   26
 499,    0,   55,    1,   37,    0,   21,   11,   60,    0,   27,    1,   26
 500,    0,   18,   11,   59,   10,   52,   10,   62,    1,   47,    0,   32
 501,    0,   39,   11,   64,   10,   61,    1,   16,    1,   50,    0,   24
 502,   11,   59,   10,   65,   10,   48,   10,   50,    1,   42,    1,   18
 503,   11,   64,   10,   49,   11,   59,   10,   63,    0,   54,   11,   58
 504,   10,   45,   11,   58,    0,   36,    0,   25,    0,   52,    1,   14
 505,   10,   44,   11,   65,   10,   63,   11,   58,   10,   36,   10,   65
 506,   10,   44,   10,   47,    1,   36,    0,   40,    0,   18,    0,   38
 507,    1,   14,   11,   55,    1,   56,   10,   48,   11,   57,    1,   55
 508,    1,   55,    1,   49,    0,   39,    0,   45,    0,   63,   11,   57
 509,    1,   12,   11,   60,    1,   65,    1,   47,    1,   18,    1,   50
 510,    0,   33,    0,   19,    0,   27,    0,   50,   11,   59,    1,   39
 511,   10,   54,    0,   55,   11,   60,   10,   53,    0,   36,   11,   54
 512,   11,   61,   10,   50,    0,   47,   11,   60,   11,   62,    0,   57
 513,    0,   63,    0,   37,   11,   58,   10,   55,    1,   33,   10,   51
 514,   11,   62,    0,   50,   10,   51,    1,   53,   11,   57,    1,   50
 515,   11,   57,   10,   62,    0,   57,   10,   60,   11,   62,   10,   38
 516,   10,   37,    1,   16,   10,   36,   10,   55,    0,   24,   11,   62
 517,   11,   58,    0,   63,    1,   42,    0,   56,    0,   63,    1,   20
 518,   10,   43,    0,   41,   10,   57,   11,   56,   11,   59,    0,   54
 519,    1,   42,    0,   29,   10,   36,    0,   43,    0,   51,   11,   55
 520,    1,   15,   11,   62,    0,   29,   10,   44,    0,   58,    1,   49
 521,    1,   24,   11,   62,    1,   45,    0,   64,   11,   63,    0,   58
 522,    1,   30,   10,   62,   10,   44,   11,   55,   11,   62,   10,   42
 523,    1,   34,   10,   58,   11,   59,   10,   60,   10,   53,    1,   15
 524,   11,   56,   10,   42,    0,   37,   10,   43,    0,   55,    1,   14
 525,    0,   51,   11,   65,   11,   59,   10,   38,   10,   58,   11,   54
 526,    1,   26,    0,   29,   11,   60,   10,   42,   11,   59,   11,   59
 527,    0,   28,   10,   41,    1,   44,    1,   13,    0,   56,    1,   17
 528,    0,   33,    0,   47,   10,   59,    1,   41,   11,   63,    1,   17
 529,   11,   63,    0,   20,   11,   58,    0,   45,   11,   65,    0,   53
 530,    0,   57,   10,   60,   10,   60,    0,   30,    0,   23,    0,   22
 531,    1,   30,    0,   27,   10,   37,    0,   59,   11,   54,    1,   31
 532,   10,   54,   11,   57,    1,   32,   11,   56,   11,   61,    1,   50
 533,    0,   20,   11,   58,   11,   61,   10,   62,    1,   32,   11,   64
 534,   11,   65,   10,   41,   11,   64,    1,   48,    0,   62,    1,   42
 535,   10,   60,   10,   45,   11,   56,   10,   51,    1,   39,    1,   40
 536,    0,   30,    0,   59,    1,   58,    1,   29,   10,   48,   11,   61
 537,   10,   65,   11,   58,    1,   58,   11,   60,   10,   38,    0,   23
 538,    1,   12,   10,   36,    1,   17,    0,   49,    1,   12,   11,   60
 539,   11,   57,    1,   13,   10,   62,    0,   45,    0,   50,   11,   59
 540,   11,   58,    0,   38,   10,   60,   10,   38,   11,   55,    0,   28
 541,    0,   27,    0,   43,   11,   60,   10,   59,   11,   57,   11,   56
 542,    0,   56,    0,   61,   11,   62,   10,   50,    0,   34,   11,   61
 543,    1,   21,    0,   43,   10,   64,   11,   62,   10,   65,   10,   59
 544,    1,   19,    1,   54,   10,   50,    0,   35,   10,   48,    0,   64
 545,   11,   64,    1,   65,    0,   49,    0,   34,   10,   50,    1,   62
 546,   11,   64,   11,   56,   10,   47,   11,   58,   10,   60,    1,   18
 547,    1,   26,    1,   64,   11,   61,   11,   60,   11,   57,   11,   60
 548,    0,   40,    1,   23,   11,   56,   10,   52,   10,   41,   10,   50
 549,   10,   63,   11,   61,   10,   65,    0,   25,   10,   45,    1,   45
 550,    1,   43,    1,   20,   10,   40,    0,   58,   11,   55,   10,   60
 551,   11,   61,   10,   54,    1,   43,   11,   59,    0,   58,    1,   35
 552,   10,   60,   10,   47,    0,   64,    1,   35,   11,   62,   10,   65
 553,   11,   61,    0,   57,   10,   53,   10,   42,   10,   50,   11,   65
 554,   11,   60,    1,   17,    0,   31,    0,   52,    1,   56,   11,   59
 555,    1,   40,   10,   50,   11,   57,    0,   64,    0,   27,    1,   57
 556,    1,   47,   11,   60,    0,   42,    0,   35,    0,   37,    0,   50
 557,   10,   60,   10,   39,    0,   65,   10,   55,    1,   29,   11,   65
 558,    0,   34,    1,   65,   10,   58,    1,   29,   10,   60,    0,   60
 559,   10,   45,    0,   63,   10,   49,    1,   47,    0,   61,   10,   36
 560,    0,   46,    0,   33,   11,   63,   10,   62,   10,   44,   11,   54
 561,    0,   61,   10,   62,   11,   62,   11,   58,   10,   63,    0,   18
 562,   10,   48,    1,   32,   10,   51,    1,   48,    1,   38,    1,   40
 563,   11,   55,   10,   41,   11,   63,    1,   63,    0,   47,    1,   54
 564,   11,   57,   10,   55,    1,   28,    0,   63,    1,   49,   11,   57
 565,    0,   35,   10,   51,    0,   65,   11,   64,    0,   38,   11,   65
 566,   10,   41,   11,   57,   11,   61,    1,   44,    1,   44,   11,   62
 567,   10,   57,   11,   58,    0,   51,    0,   49,   10,   46,    0,   53
 568,   11,   63,   11,   59,    0,   23,    0,   31,   11,   55,   11,   54
 569,   10,   53,   10,   40,    1,   57,    1,   31,    1,   33,   10,   51
 570,   11,   59,    1,   12,    1,   56,   11,   60,    1,   32,    1,   30
 571,   11,   58,   10,   40,   11,   57,    1,   25,    0,   63,   10,   63
 572,    0,   44,   10,   64,   10,   55,    1,   60,   10,   36,   10,   61
 573,    0,   27,   10,   37,    1,   43,    0,   58,    0,   56,    0,   58
 574,   10,   58,   10,   60,    0,   54,    0,   30,    0,   39,    1,   59
 575,    0,   54,   11,   61,    0,   18,    0,   57,   10,   63,   10,   39
 576,   10,   45,   10,   41,   11,   62,   10,   54,    1,   39,   10,   46
 577,    1,   32,    0,   18,   11,   64,    1,   27,   10,   62,    0,   26
 578,    0,   35,   11,   54,    1,   62,   10,   45,   11,   63,    0,   60
 579,   11,   59,   10,   48,    1,   46,   11,   59,   10,   40,    1,   35
 580,   11,   61,    1,   55,    0,   45,   11,   54,   10,   59,   10,   43
 581,   11,   61,    1,   35,   11,   62,   11,   62,    0,   41,   10,   36
 582,    0,   48,    0,   52,    0,   38,   11,   61,    0,   44,   10,   42
 583,    0,   25,   11,   56,   11,   65,   10,   60,   11,   62,   10,   36
 584,    1,   33,   11,   63,    1,   51,    0,   59,    0,   40,    1,   57
 585,    1,   18,   10,   41,   11,   62,   10,   45,   11,   58,    1,   47
 586,   11,   65,    1,   51,    0,   62,    0,   43,    1,   33,    1,   38
 587,   11,   59,   10,   36,    1,   56,    1,   59,    1,   27,    0,   29
 588,   10,   42,   11,   64,    1,   63,    0,   49,    1,   14,   10,   54
 589,   10,   42,    0,   29,    1,   47,   10,   45,   11,   61,    0,   64
 590,   11,   63,   10,   44,    0,   30,   10,   48,    0,   50,   10,   40
 591,    1,   31,    1,   62,    0,   56,    0,   46,    0,   30,   11,   54
 592,    1,   35,    1,   50,   11,   62,    1,   41,   11,   58,    1,   51
 593,    0,   52,    1,   56,   11,   59,    1,   31,   11,   55,    1,   25
 594,    0,   54,   11,   63,    0,   31,   10,   43,    1,   40,   11,   61
 595,   11,   58,   11,   60,    0,   23,    1,   22,    1,   14,    1,   32
 596,    1,   55,   10,   45,    0,   24,   10,   62,    1,   34,   10,   39
 597,   11,   59,    0,   61,    0,   19,    0,   44,    1,   15,    0,   40
 598,    0,   27,   10,   45,    0,   63,   11,   61,   11,   65,    1,   45
 599,   11,   54,   11,   59,   11,   58,    0,   42,   11,   60,    0,   50
 600,   10,   52,    0,   28,    0,   64,   11,   64,    1,   24,    1,   64
 601,   11,   62,   10,   48,   10,   58,    0,   21,   10,   50,   10,   44
 602,   10,   61,   10,   36,   11,   56,    1,   16,    1,   60,    1,   50
 603,    1,   38,    1,   48,    0,   61,   11,   57,   10,   64,   11,   55
 604,    1,   32,   11,   65,   11,   61,    1,   26,    1,   34,   10,   48
 605,   11,   55,    0,   54,   11,   60,   10,   53,   11,   64,    1,   33
 606,   10,   56,   10,   45,   10,   59,   10,   63,    0,   29,    0,   27
 607,    0,   49,   10,   41,   10,   44,   11,   62,    1,   49,   11,   61
 608,    1,   21,    1,   12,    1,   40,   10,   41,    1,   37,   11,   56
 609,    1,   61,    1,   41,   10,   63,   11,   57,   10,   58,    0,   54
 610,    1,   47,    1,   22,   10,   37,   10,   51,    0,   50,    1,   25
 611,   10,   55,   10,   57,    0,   62,    1,   26,   10,   38,    0,   30
 612,   11,   55,   10,   58,   10,   42,    1,   34,    0,   34,   11,   54
 613,    0,   58,   11,   55,   11,   64,    1,   21,    1,   13,   11,   56
 614,    1,   43,   10,   43,    1,   43,    1,   58,   10,   55,   11,   54
 615,   11,   57,    0,   50,    1,   52,    0,   48,    1,   52,    0,   21
 616,   10,   65,    0,   30,    0,   57,    0,   52,    1,   40,    1,   23
 617,   11,   54,    1,   54,   10,   51,    0,   28,   10,   45,   10,   53
 618,   10,   44,    1,   57,    0,   21,   11,   64,    0,   57,    0,   56
 619,   10,   49,    1,   58,    0,   46,    0,   62,    0,   62,   11,   65
 620,   10,   64,    0,   35,   10,   52,    0,   59,    0,   24,    0,   60
 621,    0,   47,   11,   62,   10,   60,    0,   49,    1,   50,   10,   45
 622,   10,   58,   11,   64,    0,   37,   11,   61,    0,   29,    1,   50
 623,    1,   34,   11,   54,    1,   65,   11,   63,    0,   23,    0,   20
 624,   11,   65,   11,   60,    0,   22,   11,   60,   11,   56,    0,   55
 625,    0,   49,    0,   49,   11,   64,   11,   60,   10,   46,   10,   54
 626,    1,   32,    1,   62,   11,   54,   11,   58,   11,   55,   11,   59
 627,    1,   61,   10,   59,    1,   29,   11,   58,    0,   49,   10,   63
 628,   10,   45,    0,   46,   11,   55,   11,   64,   10,   54,   11,   62
 629,    1,   55,   10,   46,   11,   58,   10,   65,   11,   65,    1,   25
 630,   10,   41,   11,   57,   11,   65,   11,   58,    1,   45,    0,   65
 631,    1,   35,    1,   62,   11,   60,   10,   64,    0,   21,    0,   20
 632,   10,   46,   11,   54,    0,   45,    0,   54,    0,   43,   10,   44
 633,   10,   52,    0,   28,    0,   41,    1,   12,   11,   57,    1,   65
 634,    0,   33,   10,   61,    0,   34,   10,   60,   10,   44,    0,   18
 635,   11,   57,   10,   48,    1,   47,   10,   51,    0,   57,    1,   28
 636,    1,   59,   10,   61,   11,   65,    0,   39,    0,   46,   10,   41
 637,    0,   62,    0,   60,    1,   54,   11,   59,   10,   37,    1,   35
 638,   10,   53,    1,   34,    0,   51,    0,   49,   11,   56,    0,   37
 639,    0,   43,   11,   57,    0,   36,   10,   62,    1,   12,   11,   55
 640,    1,   23,    1,   54,    0,   41,    1,   21,    1,   49,    0,   57
 641,    0,   39,   10,   48,   10,   49,   10,   56,    0,   31,   10,   63
 642,    1,   22,    0,   19,    0,   46,    0,   25,    1,   28,   11,   55
 643,   10,   46,   10,   62,    0,   34,   11,   56,    1,   12,    1,   54
 644,   10,   55,    0,   51,   11,   54,    1,   33,   10,   59,   10,   65
 645,   10,   56,    1,   26,    1,   22,   10,   38,    1,   16,   10,   61
 646,    1,   30,   11,   59,    1,   19,    1,   51,    0,   24,   11,   60
 647,    1,   44,    1,   24,    1,   55,   11,   56,   11,   57,   11,   56
 648,   11,   63,   11,   61,    1,   48,    0,   58,    1,   47,    0,   18
 649,    1,   24,   11,   62,   10,   60,    0,   60,    0,   38,   11,   61
 650,   10,   37,    0,   60,   10,   39,    1,   53,   11,   56,    0,   32
 651,   10,   56,   10,   57,   10,   63,    1,   44,    0,   41,   10,   63
 652,   10,   54,    1,   43,    0,   55,   11,   60,   10,   53,   11,   54
 653,   10,   48,   11,   56,    1,   35,   10,   65,    1,   56,   10,   44
 654,   10,   39,    1,   49,    0,   53,   11,   60,   10,   47,    0,   24
 655,   11,   59,    0,   56,    0,   29,    1,   61,    0,   54,   10,   46
 656,   11,   54,    0,   49,    1,   51,    0,   44,    0,   41,    1,   47
 657,    0,   43,   11,   56,    1,   35,   11,   54,    1,   65,   11,   59
 658,    0,   36,   11,   55,   11,   63,    1,   28,    0,   52,    1,   52
 659,    1,   19,   11,   54,    0,   51,    0,   22,    0,   50,   10,   37
 660,    1,   53,    0,   46,   11,   54,   10,   52,   11,   61,   11,   55
 661,    0,   37,   10,   58,   11,   54,    1,   43,    1,   12,   10,   47
 662,   10,   64,   11,   54,    1,   21,    1,   63,   10,   38,   10,   41
 663,   11,   59,    1,   18,    0,   24,    0,   55,    1,   56,   10,   49
 664,   11,   63,    0,   21,    0,   54,   11,   59,   11,   60,   11,   60
 665,   11,   65,    1,   25,    1,   47,   10,   38,   10,   38,   11,   54
 666,    1,   15,    1,   26,    1,   28,   10,   53,    0,   32,    0,   27
 667,    1,   48,   11,   62,    1,   57,   11,   65,   10,   53,   10,   56
 668,    1,   29,    0,   38,   11,   54,    0,   50,   10,   46,    1,   31
 669,    0,   45,    1,   65,    1,   36,   11,   62,   10,   58,   10,   61
 670,    0,   53,    1,   42,   11,   62,   10,   64,    1,   13,   11,   58
 671,   10,   60,   11,   56,    0,   53,    1,   45,   10,   56,   10,   45
 672,   10,   64,    0,   65,    1,   27,   10,   42,    0,   51,   10,   55
 673,   11,   54,    1,   27,   11,   58,    1,   44,   10,   39,   11,   65
 674,   11,   57,    1,   17,    0,   59,    0,   39,    0,   50,    0,   56
 675,    0,   32,    0,   43,    1,   45,   10,   45,    0,   33,    0,   65
 676,    1,   56,   11,   60,    1,   42,   11,   56,    1,   47,   10,   36
 677,   10,   50,   10,   58,    0,   18,    0,   35,    1,   41,   11,   58
 678,   11,   63,   11,   63,   10,   49,   11,   58,    0,   60,    1,   58
 679,    1,   57,    0,   20,    1,   56,   11,   55,    0,   49,    0,   45
 680,    0,   38,    1,   32,    1,   62,    0,   23,   11,   59,    1,   41
 681,   10,   36,   11,   62,   10,   63,    0,   42,    0,   29,    0,   49
 682,   11,   64,   11,   61,   11,   58,    1,   29,   10,   37,   10,   50
 683,   10,   63,   10,   45,    1,   39,   11,   61,    1,   59,    0,   26
 684,    1,   63,   11,   56,   10,   44,   11,   61,   10,   63,   11,   65
 685,    0,   30,   11,   64,   11,   62,   11,   59,    0,   52,    0,   47
 686,   10,   47,   10,   47,    0,   59,   11,   57,   10,   40,   10,   49
 687,    1,   62,   11,   64,   11,   62,   11,   57,   11,   58,   11,   58
 688,    1,   25,    0,   33,    0,   33,    1,   16,   10,   61,   10,   39
 689,    0,   32,    1,   51,    1,   15,   10,   42,   11,   54,   11,   60
 690,    1,   20,    0,   31,    0,   59,    0,   21,    1,   19,    1,   59
 691,   11,   65,   10,   62,    1,   45,   10,   64,   11,   65,   11,   56
 692,   11,   54,    1,   54,   11,   55,    1,   37,    1,   22,    0,   56
 693,    0,   57,    1,   48,   11,   61,    0,   51,   10,   63,    1,   13
 694,    0,   64,   10,   48,   10,   45,    0,   46,   11,   54,    1,   37
 695,   10,   64,   11,   65,    1,   34,   11,   56,    1,   21,    0,   55
 696,    0,   51,   11,   65,   11,   63,   11,   58,    0,   23,    0,   25
 697,    1,   42,    0,   54,   11,   54,    1,   26,   11,   63,   10,   52
 698,    0,   34,   11,   54,    1,   55,   10,   56,    1,   16,   10,   51
 699,   10,   37,    0,   62,   11,   60,    1,   17,   11,   63,   10,   60
 700,    1,   57,    0,   21,   10,   52,   10,   42,    1,   18,   11,   64
 701,   10,   64,   10,   64,   11,   64,    1,   17,    0,   48,   11,   59
 702,   11,   62,    0,   27,    0,   30,    1,   41,    0,   45,   10,   59
 703,   10,   58,    1,   13,    1,   45,    1,   61,    0,   19,    1,   23
 704,   11,   60,   10,   55,    0,   37,   11,   56,   11,   63,   10,   52
 705,   10,   57,   10,   60,   10,   62,    0,   55,   11,   63,    0,   42
 706,    0,   49,   10,   57,   10,   52,   10,   64,    1,   27,   11,   61
 707,    0,   33,    1,   37,   10,   44,    0,   40,   11,   56,   11,   55
 708,   10,   51,    0,   45,   11,   64,   11,   57,   10,   59,    0,   61
 709,   10,   58,    0,   24,   10,   65,    1,   62,    1,   36,    1,   52
 710,   11,   57,   11,   56,    0,   24,    0,   38,   10,   38,   10,   43
 711,    1,   55,   11,   62,   10,   64,   10,   61,    0,   59,    0,   19
 712,    0,   56,   10,   62,    1,   60,   11,   59,   11,   57,   10,   42
 713,    1,   52,   11,   54,   11,   64,   11,   62,    0,   63,   11,   62
 714,   10,   56,   10,   51,    0,   36,    1,   36,   11,   57,    0,   27
 715,   10,   48,   11,   55,   10,   60,    1,   60,   11,   59,   11,   59
 716,   11,   58,   10,   48,    1,   36,    1,   50,    0,   63,   10,   58
 717,    1,   60,   10,   62,    1,   64,    1,   23,    0,   35,   11,   54
 718,   10,   45,    1,   28,    1,   34,    0,   53,    1,   17,   11,   56
 719,   10,   53,    0,   63,   11,   62,    0,   51,    0,   40,    1,   25
 720,   11,   55,    1,   44,   11,   64,   10,   65,    0,   34,   11,   56
 721,    1,   35,   10,   40,   11,   65,   10,   56,    1,   22,    1,   27
 722,    1,   40,   10,   55,    0,   25,    0,   22,    1,   25,   10,   59
 723,    1,   45,    1,   17,    1,   16,   10,   65,    0,   41,    0,   63
 724,    1,   44,    1,   35,    0,   31,   11,   59,   10,   44,   11,   61
 725,   11,   57,    0,   30,    1,   57,   11,   55,   10,   40,   10,   50
 726,   10,   59,    1,   39,   10,   53,    1,   29,    1,   51,   11,   63
 727,    1,   58,    0,   33,   10,   49,   10,   56,   10,   50,    0,   59
 728,    1,   14,   10,   51,    0,   42,   11,   60,   10,   44,   10,   58
 729,    0,   24,   11,   62,   10,   44,    1,   38,    0,   23,    0,   20
 730,    0,   19,    1,   22,   10,   44,   10,   54,   11,   61,    1,   48
 731,   11,   64,   10,   39,   10,   53,   11,   60,    0,   56,    1,   43
 732,    1,   34,    0,   42,   10,   60,    1,   22,   11,   64,    1,   63
 733,    0,   23,   11,   54,    0,   64,    0,   53,    1,   42,    1,   19
 734,    0,   47,    0,   44,    0,   56,   10,   62,    1,   19,   11,   61
 735,    0,   28,    0,   51,   11,   57,    0,   25,   11,   62,    0,   58
 736,    0,   23,   10,   52,    0,   37,    0,   22,    1,   20,    1,   51
 737,   10,   60,   11,   57,   10,   41,    1,   34,    0,   56,   10,   54
 738,    1,   19,    0,   27,   11,   54,   11,   59,   10,   61,   10,   54
 739,    0,   28,   10,   64,   10,   36,   11,   64,    0,   37,   10,   48
 740,    1,   55,   11,   60,   10,   45,   10,   54,    1,   13,   11,   58
 741,   11,   55,   10,   65,    0,   42,    1,   33,    1,   32,   11,   54
 742,    0,   36,    1,   47,   11,   60,    1,   50,    0,   42,   11,   62
 743,   11,   65,    0,   57,    1,   23,    1,   21,   10,   51,    0,   56
 744,   10,   36,    1,   54,   10,   53,   11,   59,   10,   61,    0,   37
 745,    0,   61,   10,   59,    0,   45,    0,   41,    1,   41,    0,   45
 746,    0,   47,   11,   56,   11,   63,   10,   61,   10,   57,    1,   61
 747,   10,   55,    1,   48,   10,   49,   10,   62,    1,   30,   10,   38
 748,   11,   64,   10,   62,   11,   56,   10,   52,   10,   49,   11,   58
 749,    0,   19,    0,   54,   11,   62,    1,   58,    1,   64,   11,   55
 750,    0,   64,    0,   21,    1,   51,   10,   38,   11,   62,   10,   40
 751,    0,   58,    0,   26,   10,   54,    0,   26,   11,   58,   11,   62
 752,   11,   56,   10,   53,   10,   44,    0,   50,   11,   55,    0,   54
 753,    0,   58,    1,   35,    0,   39,   11,   63,    0,   27,   10,   53
 754,    0,   29,    0,   22,    0,   57,   10,   63,    0,   21,   10,   59
 755,    0,   45,    1,   25,    1,   17,   10,   51,    1,   29,    1,   32
 756,    1,   15,   10,   38,    1,   44,    1,   55,    0,   31,   10,   64
 757,    0,   27,   10,   55,    1,   18,    0,   39,   10,   62,    0,   29
 758,   10,   41,    0,   29,    1,   48,   10,   45,    1,   19,    0,   65
 759,    1,   45,   10,   61,   11,   56,    0,   26,   10,   55,    0,   35
 760,    0,   30,    0,   55,    0,   65,    1,   27,   11,   58,    1,   24
 761,   10,   38,    0,   36,   11,   59,    0,   55,   11,   57,   10,   55
 762,   11,   62,   10,   50,   10,   58,   11,   61,    0,   28,   11,   55
 763,   11,   57,    0,   64,    1,   56,    0,   37,   11,   54,   10,   65
 764,    0,   47,   10,   55,   11,   57,    1,   24,    0,   61,   11,   61
 765,    0,   29,    0,   43,    1,   48,    1,   23,    1,   52,    1,   22
 766,    0,   18,   10,   52,   10,   48,    1,   50,    0,   18,   11,   59
 767,   10,   65,   10,   42,   10,   47,    1,   28,    1,   32,   10,   38
 768,   11,   61,    0,   50,    0,   23,   10,   60,    1,   23,   11,   59
 769,   10,   41,    0,   36,    0,   48,   11,   55,   10,   52,   11,   62
 770,   11,   54,    0,   60,   11,   57,   10,   46,   11,   60,    0,   52
 771,   10,   48,    1,   40,    0,   39,   11,   59,   10,   45,   11,   57
 772,    0,   24,   10,   58,   11,   65,    1,   29,    1,   34,    0,   38
 773,   10,   63,   10,   50,   11,   62,   11,   60,   11,   55,   11,   56
 774,   11,   62,    1,   38,   10,   64,   10,   56,    0,   27,    0,   58
 775,   11,   54,    0,   38,   10,   51,   10,   65,    0,   55,   11,   62
 776,    1,   17,   10,   36,   11,   64,    0,   29,    1,   32,   11,   63
 777,    1,   25,    1,   32,    0,   56,    1,   23,    1,   18,    1,   31
 778,   11,   61,    1,   25,    1,   14,   10,   46,   11,   64,    0,   35
 779,    0,   52,   11,   63,   10,   44,   11,   56,    1,   64,   11,   63
 780,    0,   38,   10,   60,    0,   55,   11,   61,    0,   55,    1,   16
 781,    0,   30,    0,   19,    1,   15,    1,   53,    0,   53,    1,   58
 782,   10,   53,   11,   55,    1,   23,    1,   13,   11,   54,   10,   51
 783,   10,   36,    0,   31,   11,   65,    1,   62,   10,   48,   11,   57
 784,    1,   57,   11,   62,    1,   12,    0,   47,    1,   27,   11,   61
 785,    1,   33,    1,   59,    0,   56,    1,   21,    1,   31,   10,   48
 786,   11,   63,   11,   63,    1,   22,   10,   41,    1,   12,   10,   50
 787,    0,   29,    1,   44,    0,   37,   11,   60,   10,   43,   10,   40
 788,    1,   51,    1,   46,   11,   65,    1,   56,    1,   51,   11,   56
 789,   10,   48,    1,   34,    0,   21,    1,   34,    0,   28,   10,   42
 790,   11,   56,    0,   51,    1,   33,   10,   49,    1,   29,   11,   55
 791,   10,   58,   11,   63,    0,   26,    1,   21,   11,   62,    1,   57
 792,    0,   48,    0,   27,    0,   32,    1,   39,    1,   23,    1,   32
 793,    0,   42,    1,   22,    1,   33,    1,   34,   10,   50,    0,   59
 794,   10,   56,    1,   34,    1,   19,   10,   65,    0,   54,   10,   53
 795,   10,   42,   10,   50,   10,   53,   10,   37,   11,   62,    0,   28
 796,   10,   48,   11,   54,   10,   59,    1,   63,    0,   33,    1,   15
 797,   10,   56,   11,   55,    1,   43,   10,   55,    1,   58,   11,   63
 798,    0,   24,    0,   60,    0,   36,   11,   65,   11,   60,    1,   51
 799,   10,   56,   10,   51,    1,   58,    0,   47,   10,   53,    0,   38
 800,    1,   47,    1,   16,    0,   45,   10,   40,    1,   53,    1,   18
 801,   11,   58,    0,   55,   11,   57,   10,   55,   10,   56,    1,   41
 802,    0,   65,    0,   37,    0,   34,    0,   35,    0,   51,    1,   63
 803,   11,   54,   11,   64,   11,   57,   10,   63,   11,   64,   11,   62
 804,   11,   65,   11,   58,    0,   23,   10,   38,   11,   65,   10,   63
 805,   11,   64,    0,   29,    0,   42,    1,   39,    0,   37,    1,   61
 806,   11,   56,    1,   61,    0,   41,    1,   42,    1,   27,    0,   22
 807,    1,   59,    1,   44,   10,   64,   10,   48,    1,   44,    0,   39
 808,    0,   29,    1,   55,   10,   54,   11,   57,   11,   59,   11,   61
 809,   10,   58,    1,   59,   11,   63,   10,   36,    0,   58,    0,   47
 810,    0,   26,    1,   30,   10,   46,    1,   28,   10,   37,    0,   42
 811,    0,   49,   10,   39,    1,   56,    1,   47,    0,   27,   10,   41
 812,   10,   61,   10,   36,   11,   57,    1,   27,    0,   49,   10,   37
 813,    1,   51,   11,   65,    0,   23,    0,   20,   11,   56,    0,   30
 814,   10,   63,   11,   64,   11,   63,    0,   40,    0,   34,    1,   49
 815,   10,   49,    1,   50,   10,   51,    0,   61,   10,   41,    1,   18
 816,    0,   54,    1,   36,   10,   48,    1,   32,    1,   51,    0,   28
 817,   10,   55,   11,   54,    0,   21,   11,   54,    0,   24,    0,   50
 818,    1,   48,   10,   64,    1,   45,   10,   39,    0,   29,    1,   21
 819,    1,   23,    1,   47,   11,   58,    0,   64,    1,   63,    1,   56
 820,    0,   18,    0,   45,    0,   35,    1,   14,   11,   62,   11,   59
 821,   10,   37,    0,   43,    0,   24,   10,   36,   10,   41,    0,   35
 822,   11,   63,   10,   52,    1,   24,    0,   60,   11,   62,    1,   37
 823,   11,   64,   11,   58,    1,   52,    0,   27,    0,   61,   11,   63
 824,    0,   60,   11,   54,   11,   56,    1,   28,    1,   51,    1,   56
 825,    1,   12,   11,   59,   11,   54,    1,   43,   11,   60,   11,   60
 826,    1,   29,   11,   63,    0,   33,    1,   24,   10,   46,    0,   54
 827,    0,   34,   11,   63,    1,   35,    1,   49,   11,   63,    0,   19
 828,    1,   63,   10,   47,   11,   60,   10,   52,    0,   51,    0,   23
 829,   10,   36,    1,   26,    1,   34,    1,   16,   10,   43,   11,   55
 830,   11,   61,    1,   41,   10,   52,   11,   60,    0,   53,    0,   55
 831,    1,   21,    1,   48,   11,   61,   11,   56,   10,   40,   11,   65
 832,    0,   50,    0,   26,   10,   43,    0,   57,    0,   24,   11,   65
 833,   10,   45,   10,   53,   11,   61,   10,   38,   10,   57,    0,   25
 834,    0,   29,   11,   55,    1,   23,   10,   52,   10,   65,    1,   34
 835,    0,   43,    0,   36,   11,   65,   10,   56,   10,   36,   11,   62
 836,   11,   60,   10,   59,    0,   50,   10,   53,    1,   32,   11,   60
 837,    1,   12,    0,   18,    1,   41,    1,   42,   10,   43,   10,   50
 838,    1,   38,   11,   63,    0,   34,    0,   33,    1,   22,   10,   61
 839,   10,   53,    1,   13,    0,   43,   10,   55,   10,   49,   11,   64
 840,   11,   54,   10,   58,    1,   25,   10,   60,   10,   49,   11,   63
 841,   10,   56,   10,   54,    0,   22,    0,   64,    0,   55,    0,   38
 842,   10,   48,   11,   65,    1,   37,   10,   48,   11,   61,   10,   41
 843,    0,   20,    1,   22,    1,   44,   10,   63,   10,   54,    1,   58
 844,   11,   63,   10,   57,   11,   60,    1,   27,   11,   55,    1,   14
 845,   10,   50,    1,   13,    1,   42,   11,   54,    0,   40,   11,   63
 846,   10,   45,   11,   61,    0,   31,    1,   14,   11,   59,   10,   36
 847,    1,   31,   10,   51,   10,   41,   10,   47,   10,   57,    1,   31
 848,   10,   60,   10,   58,   10,   53,   10,   40,   10,   57,    0,   18
 849,   10,   61,    0,   45,   10,   62,    1,   33,   10,   55,    0,   40
 850,    1,   12,   11,   58,   10,   57,    0,   23,   11,   58,    0,   65
 851,   11,   57,    0,   44,    1,   16,   10,   36,   11,   60,    0,   39
 852,    0,   20,    1,   32,    1,   46,   11,   57,    0,   40,    1,   48
 853,    1,   17,   10,   37,   10,   37,   11,   56,    0,   55,    0,   30
 854,   11,   64,    1,   12,    0,   38,    1,   48,    1,   32,    0,   46
 855,   11,   57,    1,   52,   11,   63,    0,   34,   11,   65,   11,   62
 856,    0,   37,   10,   60,   10,   59,    0,   29,   11,   55,   10,   61
 857,    1,   44,   11,   64,    0,   24,   10,   44,    0,   31,   11,   63
 858,   10,   62,   10,   38,    1,   38,    1,   50,    1,   17,    0,   32
 859,   10,   56,    0,   44,   11,   60,    1,   63,   11,   65,   10,   39
 860,    1,   62,   10,   52,   11,   57,   10,   57,   10,   54,    1,   34
 861,    1,   25,   10,   56,    1,   42,    1,   22,   11,   63,   10,   36
 862,   10,   47,   10,   63,    0,   25,   10,   51,    0,   37,   11,   58
 863,   11,   59,   11,   62,   11,   57,   11,   65,   11,   63,   11,   55
 864,   10,   65,   10,   41,    1,   50,   10,   40,   10,   38,   11,   54
 865,   11,   57,   11,   64,   11,   61,   10,   58,    0,   56,   11,   60
 866,    1,   33,   10,   51,    0,   57,    1,   13,   10,   51,   10,   51
 867,   10,   47,    0,   29,    1,   40,    1,   34,    0,   37,    1,   57
 868,   11,   54,   11,   63,    1,   40,   10,   37,   11,   64,   11,   54
 869,    1,   24,   11,   54,    0,   43,   11,   61,    0,   28,    1,   47
 870,    1,   64,    0,   42,   10,   58,   11,   64,    1,   31,    1,   48
 871,    0,   32,   11,   57,    1,   38,   11,   61,    1,   31,   10,   38
 872,   11,   63,   10,   39,    1,   50,    1,   61,   10,   62,    0,   21
 873,    1,   53,    0,   40,    1,   54,    1,   62,   11,   54,    1,   50
 874,   11,   54,   10,   47,    0,   34,    1,   33,   11,   57,   11,   65
 875,    1,   54,   10,   41,   10,   36,   11,   57,    0,   65,   11,   60
 876,   11,   64,   11,   56,   11,   55,    1,   26,   11,   62,    0,   24
 877,   10,   56,    0,   63,    1,   56,    1,   29,   11,   65,    1,   41
 878,    1,   45,    1,   47,   11,   60,   11,   63,    0,   60,   10,   49
 879,    1,   54,    1,   27,   10,   36,    1,   14,    0,   55,   10,   42
 880,   11,   60,    1,   38,    1,   45,   11,   61,    1,   42,   10,   56
 881,   10,   52,    1,   43,    1,   34,    0,   38,   10,   49,   10,   61
 882,   10,   36,   11,   57,    1,   64,   11,   57,    0,   37,    0,   54
 883,    0,   18,    1,   12,   10,   57,    0,   62,    1,   65,   11,   59
 884,    1,   41,   10,   39,    0,   64,    1,   23,   11,   58,   11,   65
 885,   10,   51,   10,   37,   11,   56,    0,   33,   10,   50,   11,   62
 886,    1,   25,   11,   57,   10,   56,   10,   58,    0,   24,    1,   51
 887,    1,   16,    0,   58,   11,   57,    0,   44,    1,   32,   10,   58
 888,   11,   59,   11,   54,   10,   45,    0,   43,    1,   22,   10,   36
 889,    0,   65,    0,   44,    1,   54,    0,   28,    0,   30,    1,   13
 890,   10,   39,   10,   53,    0,   29,    0,   64,   11,   54,   10,   48
 891,   10,   61,    0,   52,   11,   60,   10,   50,   11,   59,   10,   52
 892,    1,   22,    1,   53,    0,   36,    0,   63,    0,   18,   11,   61
 893,    1,   14,    0,   52,   11,   62,    0,   56,   11,   57,    0,   53
 894,    1,   60,   10,   50,   10,   52,   11,   59,   11,   57,    0,   63
 895,    1,   40,    1,   32,   10,   52,   10,   53,   10,   38,   11,   56
 896,    1,   34,    0,   64,    1,   14,    0,   35,    0,   42,   11,   57
 897,   11,   54,   10,   58,   11,   62,   11,   55,    1,   51,   10,   45
 898,   11,   61,    0,   40,   11,   59,    0,   41,   10,   43,   10,   51
 899,   11,   58,   11,   64,   11,   62,   10,   38,   10,   40,    1,   24
 900,    1,   19,   11,   55,   11,   55,   11,   60,    0,   21,   11,   54
 901,   10,   37,   11,   63,    1,   41,    1,   37,   10,   62,   11,   61
 902,    0,   62,   10,   57,    0,   49,    1,   13,    0,   45,   10,   64
 903,   11,   56,    1,   40,    0,   37,    0,   62,    1,   60,    0,   35
 904,   11,   62,   10,   47,   11,   61,    0,   48,   11,   64,    1,   65
 905,    0,   31,    0,   23,   10,   53,    0,   50,   11,   62,    0,   48
 906,   11,   58,   11,   62,    1,   22,    1,   16,   11,   60,   10,   60
 907,    0,   42,   11,   57,   11,   63,   11,   62,   10,   58,   10,   40
 908,   10,   36,    0,   65,   11,   54,   10,   48,    0,   36,   11,   55
 909,   11,   61,    1,   48,   11,   64,   11,   64,   11,   59,   11,   62
 910,    0,   27,    1,   59,   11,   63,   11,   54,    0,   35,    1,   57
 911,    0,   35,    0,   64,    1,   24,    1,   15,    1,   31,    1,   39
 912,    0,   22,   10,   47,    1,   31,   10,   42,    1,   63,    1,   55
 913,    1,   18,    0,   27,   11,   59,   11,   64,   10,   41,    0,   55
 914,    0,   40,    1,   42,    0,   53,   11,   62,    0,   58,    0,   33
 915,    1,   41,    1,   28,    0,   36,   10,   58,   11,   61,   10,   37
 916,   11,   59,    0,   65,    0,   40,   11,   56,    0,   24,   10,   55
 917,   10,   57,   10,   37,   11,   62,   10,   51,   11,   59,   11,   62
 918,    1,   50,   11,   62,   10,   43,    0,   57,    0,   23,    0,   44
 919,   10,   48,   11,   62,    0,   32,   10,   54,    1,   35,   11,   63
 920,   10,   62,   10,   52,   10,   45,   11,   59,   10,   59,   11,   63
 921,    1,   43,    0,   47,   11,   65,   10,   41,    0,   29,   10,   55
 922,   10,   49,    1,   53,   10,   48,   11,   58,    0,   61,    1,   17
 923,   11,   57,   10,   59,   10,   42,    1,   28,    1,   45,    0,   31
 924,   10,   41,   11,   65,   11,   54,   10,   62,    1,   45,   10,   39
 925,   11,   58,    0,   62,   10,   44,   11,   57,   11,   61,    1,   21
 926,    1,   42,    0,   25,   10,   40,    1,   12,   10,   61,   11,   58
 927,   10,   45,    0,   62,    1,   30,    0,   59,   10,   40,   11,   63
 928,   10,   56,    1,   20,   10,   61,    1,   17,   10,   61,   11,   55
 929,   11,   54,   10,   36,    0,   20,   11,   65,   10,   41,    1,   22
 930,    1,   39,   10,   46,    1,   16,    0,   32,   11,   64,   11,   60
 931,    1,   36,    0,   40,    1,   19,    1,   16,   11,   58,   11,   55
 932,   10,   37,   11,   59,    0,   65,    1,   56,    0,   40,   11,   57
 933,    1,   14,    0,   40,    0,   49,    1,   53,   11,   57,   11,   63
 934,    1,   32,    1,   18,   11,   63,   11,   59,    1,   39,   10,   63
 935,   11,   56,    1,   50,    1,   43,   10,   49,   10,   56,    1,   57
 936,   10,   43,   11,   62,   11,   58,   11,   65,    1,   47,    0,   50
 937,   10,   53,    0,   58,   10,   52,    1,   51,    0,   57,   10,   58
 938,   10,   52,    1,   18,   11,   55,    1,   34,   10,   37,   10,   65
 939,    0,   38,   10,   52,    0,   37,    1,   19,    0,   39,    1,   24
 940,   10,   42,    0,   19,    0,   44,   10,   62,   11,   60,   10,   60
 941,    1,   24,    0,   37,   11,   60,    1,   56,    0,   20,   10,   57
 942,   11,   62,    0,   43,    0,   35,   10,   61,    1,   21,    1,   17
 943,   11,   55,   10,   50,   11,   63,    1,   60,    0,   28,   11,   60
 944,    1,   32,    1,   26,    1,   33,    1,   27,   10,   58,    0,   64
 945,    0,   18,   11,   58,    0,   28,   10,   47,    0,   23,   11,   62
 946,   10,   39,    1,   44,   10,   40,   11,   61,    0,   40,   10,   65
 947,    1,   19,    1,   32,   11,   61,    1,   21,    1,   49,   10,   54
 948,   11,   55,   11,   60,   10,   48,   10,   62,   11,   59,    0,   35
 949,   10,   64,   11,   60,    0,   58,   11,   59,   10,   53,   10,   59
 950,    1,   26,    1,   20,   10,   58,    1,   38,   10,   53,    1,   15
 951,    0,   52,    1,   30,    0,   47,    1,   19,   10,   52,    1,   30
 952,   10,   42,    1,   19,   11,   65,    0,   27,    0,   54,    1,   24
 953,    0,   39,    1,   53,    0,   62,    1,   58,    0,   55,   11,   58
 954,   11,   65,    0,   24,   11,   58,    1,   62,   10,   39,   11,   60
 955,    0,   29,   10,   62,    0,   64,    1,   21,    1,   49,    1,   26
 956,   10,   44,    0,   26,    1,   34,   10,   58,    1,   41,   11,   54
 957,    0,   55,    0,   62,   11,   57,    1,   13,   10,   44,   10,   53
 958,    1,   35,   11,   62,    0,   41,   11,   63,   11,   58,    1,   20
 959,    0,   26,   11,   61,    0,   20,   11,   56,    0,   26,    0,   20
 960,   10,   53,    0,   55,   11,   65,    0,   38,   10,   46,   11,   54
 961,    0,   48,    0,   45,    0,   27,   11,   60,   11,   56,    1,   28
 962,    1,   12,   10,   47,   11,   60,    0,   37,   11,   62,   10,   39
 963,   11,   61,   10,   59,   11,   54,    0,   20,   10,   64,    1,   38
 964,   10,   39,   11,   60,   10,   51,    0,   31,    0,   53,    1,   60
 965,    0,   20,    0,   26,   10,   53,   10,   49,    0,   42,    0,   45
 966,    0,   60,    1,   53,    0,   62,    0,   50,   11,   63,   10,   36
 967,   11,   54,   10,   39,   10,   44,    1,   58,    0,   34,    1,   42
 968,   11,   56,   10,   45,    1,   19,    0,   18,    0,   53,   11,   56
 969,    0,   46,   11,   55,    0,   62,    1,   19,    1,   25,   10,   61
 970,    1,   65,    1,   20,    0,   42,   10,   48,    0,   22,   10,   40
 971,   10,   60,    0,   60,    0,   32,    0,   63,   11,   62,   10,   62
 972,    1,   40,    0,   38,    1,   49,   10,   55,   10,   39,    0,   18
 973,    0,   58,    0,   51,    0,   44,   11,   64,    1,   57,    1,   23
 974,    0,   45,    1,   58,    1,   34,    1,   13,    0,   34,   10,   41
 975,    0,   21,    1,   49,    0,   41,   10,   53,   10,   42,   10,   56
 976,   11,   61,   10,   54,   10,   40,   10,   60,   10,   63,   11,   63
 977,   10,   60,   11,   64,    0,   45,    0,   41,   11,   65,   10,   59
 978,    1,   43,   10,   55,    1,   59,    0,   34,    0,   27,   11,   59
 979,   11,   56,    0,   20,    0,   22,   11,   60,   10,   38,   10,   51
 980,   10,   48,    1,   63,   11,   54,    1,   29,    1,   33,    0,   26
 981,    0,   44,   10,   37,    1,   63,   10,   57,   10,   36,   10,   39
 982,   10,   38,    1,   47,    1,   52,   11,   58,    0,   47,    0,   31
 983,   10,   43,   11,   57,    0,   49,    0,   53,   10,   41,    1,   29
 984,   11,   65,   11,   56,   11,   57,    0,   40,    0,   61,    0,   52
 985,    0,   32,   11,   60,   11,   57,    0,   41,   10,   45,    0,   58
 986,   10,   43,    1,   38,   11,   60,   10,   54,    0,   20,   10,   46
 987,   11,   65,   10,   61,    0,   58,   11,   63,    1,   12,    1,   40
 988,   11,   59,   10,   44,   11,   54,   10,   54,   11,   65,    1,   13
 989,   11,   54,    1,   60,   10,   50,   10,   48,    1,   13,   11,   59
 990,    1,   35,    1,   33,   10,   52,    1,   37,    1,   61,    0,   49
 991,    1,   62,    0,   19,    0,   43,   11,   65,   10,   47,   10,   49
 992,    0,   42,    0,   48,    0,   53,   10,   45,    1,   14,   10,   60
 993,    1,   53,   11,   58,   10,   64,   11,   56,   10,   36,   11,   63
 994,   10,   52,   10,   58,   10,   59,   10,   52,   10,   63,   11,   56
 995,    1,   56,   11,   62,    0,   60,   11,   60,    0,   29,   11,   62
 996,    0,   44,   10,   51,   10,   54,    1,   27,   10,   59,    1,   49
 997,   11,   65,    1,   29,   11,   62,   11,   55,   10,   45,    0,   53
 998,    0,   38,    1,   53,    0,   47,    0,   46,    0,   18,   10,   59
 999,    0,   58,    0,   19,    0,   35,   10,   44,   10,   48,    0,   56
