nExp,  A0x,  A0y,  A1x,  A1y,  A2x,  A2y,  A3x,  A3y,  A4x,  A4y,  A5x,  A5y,  A6x,  A6y 
   0,   11,   63,    1,   25,   10,   48,   11,   57,    1,   43,   11,   60,    1,   52
   1,   10,   43,   11,   65,   11,   64,    1,   51,   11,   62,    1,   17,    1,   44
   2,   11,   65,    1,   58,    1,   55,   10,   36,   10,   47,   11,   62,    0,   41
   3,   11,   56,    1,   59,    0,   45,    0,   64,   11,   59,    0,   33,   10,   63
   4,    0,   44,   10,   52,   11,   60,   11,   61,   10,   49,   10,   47,   10,   44
   5,    0,   26,   10,   55,    1,   16,   11,   64,   11,   64,   11,   65,   10,   47
   6,   10,   44,   11,   64,   11,   61,   11,   60,    1,   47,   11,   65,   11,   54
   7,   10,   50,   10,   61,    0,   53,    0,   28,   11,   57,   11,   55,    0,   51
   8,    0,   45,   11,   60,   10,   36,   10,   54,   10,   47,    1,   64,    0,   19
   9,   11,   56,    0,   28,   11,   65,    0,   38,    0,   30,    0,   49,    1,   21
  10,   10,   37,    0,   65,    0,   35,   10,   61,   11,   56,   10,   64,    0,   50
  11,   11,   58,    1,   44,    1,   21,    1,   34,   10,   51,    1,   31,   11,   57
  12,   10,   36,   10,   46,    0,   31,    0,   63,    1,   27,    1,   63,   10,   54
  13,   10,   47,    1,   47,    0,   27,    1,   24,   10,   47,   11,   60,    1,   33
  14,   10,   48,   10,   37,    1,   25,    0,   43,    1,   42,   11,   64,    1,   28
  15,    1,   55,   11,   63,    0,   65,   10,   38,   10,   65,    1,   48,    1,   23
  16,   10,   36,   11,   60,    0,   23,   10,   62,    1,   64,    0,   58,    1,   16
  17,    1,   36,   11,   64,    0,   43,   10,   46,   11,   57,    0,   19,   10,   52
  18,   11,   65,   11,   54,   10,   57,   10,   57,   11,   61,    1,   41,    0,   46
  19,    0,   25,    1,   54,   10,   46,   10,   37,    0,   65,    1,   33,   10,   44
  20,    1,   24,    0,   26,   10,   38,    1,   29,    1,   17,   11,   59,   11,   65
  21,    1,   37,   10,   48,    1,   51,   11,   65,   10,   47,   11,   61,    0,   22
  22,   10,   37,    0,   36,   10,   49,    1,   43,   10,   48,    1,   65,    1,   53
  23,    1,   31,    0,   59,   10,   63,    1,   48,    0,   37,    0,   20,   11,   56
  24,    0,   27,    1,   41,    0,   65,   11,   55,    1,   48,   11,   59,   11,   57
  25,    1,   38,   10,   42,   10,   42,    1,   63,   11,   63,    0,   25,    1,   54
  26,   11,   60,   10,   60,    0,   22,   11,   54,    0,   19,    0,   58,    1,   20
  27,    0,   49,   11,   60,   11,   60,   10,   56,   11,   63,   11,   62,   11,   56
  28,   10,   53,   11,   59,   11,   58,   10,   61,   11,   61,    0,   26,   10,   43
  29,    0,   59,   11,   57,    1,   55,    0,   48,    0,   31,   11,   54,    0,   38
  30,    1,   58,   10,   56,    0,   65,    1,   45,    1,   14,    1,   20,    0,   47
  31,   10,   39,   10,   46,    1,   53,    1,   59,   10,   50,   10,   46,    0,   50
  32,   10,   59,    0,   61,   11,   65,   11,   62,   11,   60,   11,   56,   11,   59
  33,   11,   59,   11,   54,    0,   62,    1,   60,   11,   61,   10,   42,    0,   57
  34,   11,   63,   10,   48,    1,   18,    1,   42,   11,   65,    1,   17,   11,   62
  35,    0,   39,   10,   36,   11,   65,   10,   38,    0,   35,    0,   34,    0,   64
  36,   11,   54,   11,   56,    0,   50,   11,   55,    0,   35,    0,   47,   11,   56
  37,    0,   34,   11,   55,   11,   58,    1,   27,   11,   65,   10,   41,   11,   55
  38,   10,   40,   11,   65,   11,   57,    0,   54,    1,   34,    0,   24,    0,   21
  39,    0,   38,   10,   58,    0,   38,   10,   38,    1,   31,   11,   54,    1,   34
  40,   10,   45,    0,   32,    1,   63,   11,   57,   10,   56,   11,   59,    1,   53
  41,    1,   25,    1,   62,    0,   40,   10,   50,    0,   18,   10,   54,    0,   32
  42,   11,   61,   10,   40,   10,   50,   10,   58,    0,   54,    1,   65,    0,   60
  43,    0,   30,   10,   53,    1,   17,    1,   27,   11,   64,   10,   37,   11,   57
  44,    1,   40,    0,   62,    0,   37,    1,   40,   10,   54,   10,   48,   10,   48
  45,   11,   63,    1,   32,   10,   40,   10,   47,   10,   40,   10,   46,    1,   34
  46,    1,   49,    1,   47,    0,   32,   10,   37,   10,   36,    1,   59,    0,   43
  47,    0,   59,   10,   58,   10,   36,    0,   47,   11,   64,   10,   57,    0,   54
  48,    1,   17,    1,   29,    0,   38,   11,   59,    1,   50,   10,   39,   11,   59
  49,   11,   58,   11,   58,    0,   27,   11,   61,    0,   36,    0,   22,    0,   20
  50,   10,   41,   10,   54,   10,   51,    1,   59,    1,   36,   10,   51,   11,   65
  51,   11,   65,   10,   50,   10,   42,    1,   14,    0,   18,   10,   40,   11,   62
  52,   11,   58,   11,   59,    1,   17,   11,   63,    1,   36,    1,   13,    0,   35
  53,    0,   43,    0,   27,   10,   58,    1,   58,    1,   30,   10,   37,   11,   54
  54,    1,   51,    0,   56,   11,   59,    0,   21,    0,   54,    1,   61,    1,   16
  55,    1,   52,   11,   54,    0,   41,    0,   59,   11,   57,    1,   42,    1,   41
  56,    0,   32,    1,   44,   10,   43,    0,   23,   11,   55,   10,   43,    1,   51
  57,   10,   58,   10,   61,    0,   48,    0,   53,    1,   48,   10,   55,    0,   57
  58,    0,   42,   10,   43,   10,   44,    0,   56,   10,   45,   10,   36,    0,   36
  59,   11,   60,    0,   54,   11,   63,   10,   56,    0,   53,   11,   63,    1,   43
  60,   10,   63,    0,   58,   10,   46,    1,   12,    0,   49,   10,   50,   11,   59
  61,    1,   57,    1,   44,   10,   60,   11,   58,    0,   19,   10,   64,    1,   35
  62,   10,   55,    1,   48,    1,   31,   10,   57,    0,   19,   10,   36,    0,   28
  63,   10,   37,    0,   64,    1,   60,    0,   38,    1,   21,    1,   65,   10,   47
  64,    1,   26,   10,   58,   10,   49,    0,   62,    1,   33,    0,   24,   11,   60
  65,   10,   40,    1,   57,   11,   56,    0,   56,    0,   55,   10,   41,    0,   62
  66,   10,   54,    1,   20,   10,   43,   11,   62,    0,   62,    0,   22,    1,   20
  67,    0,   35,   10,   48,    1,   38,    1,   28,   11,   60,   11,   63,   10,   43
  68,   10,   49,   10,   48,    1,   13,   10,   37,   10,   53,   11,   57,   10,   42
  69,   10,   46,   11,   65,    0,   45,    1,   64,   11,   61,   10,   56,    1,   61
  70,   11,   57,   10,   36,   11,   60,   11,   58,   10,   45,   11,   61,   11,   54
  71,    0,   20,    0,   62,   11,   59,   11,   63,   11,   62,    0,   44,    1,   63
  72,    0,   26,   10,   40,    0,   42,   11,   61,   11,   57,    1,   35,   11,   62
  73,   11,   60,   10,   65,    0,   55,   11,   64,   11,   55,   10,   63,   10,   46
  74,   11,   60,    1,   45,   11,   56,    0,   43,   11,   62,   10,   54,    1,   51
  75,    0,   60,    1,   63,   11,   54,    1,   52,    1,   39,   11,   62,   11,   55
  76,   11,   65,   10,   64,    1,   59,   11,   61,    0,   19,    0,   30,   11,   58
  77,   11,   61,    1,   59,    0,   40,   11,   55,   10,   45,    0,   40,   10,   37
  78,   10,   46,    0,   27,    0,   43,    0,   62,   11,   65,    1,   60,   11,   63
  79,    1,   48,   10,   48,    1,   15,    0,   24,    1,   46,   11,   54,   11,   54
  80,   10,   58,   10,   64,    1,   43,    0,   44,   11,   56,    1,   49,    1,   25
  81,   11,   65,    0,   61,   10,   37,   10,   55,    0,   54,   11,   54,   10,   49
  82,    0,   40,    0,   34,   10,   50,   10,   52,   11,   58,   11,   54,    1,   31
  83,    1,   57,   10,   65,   11,   55,    1,   13,   10,   36,   11,   56,    1,   15
  84,    1,   33,    0,   54,   10,   46,   11,   54,    0,   35,   11,   63,   10,   52
  85,   11,   58,    0,   56,    0,   36,    1,   18,    1,   21,   10,   55,    0,   39
  86,   10,   62,    1,   16,    0,   59,   11,   64,    1,   46,    0,   57,    1,   63
  87,    1,   13,   11,   61,    1,   13,    1,   20,   10,   40,    0,   62,   10,   43
  88,   11,   61,   11,   59,   11,   62,    0,   29,    1,   21,    0,   28,   11,   59
  89,   11,   55,   10,   36,   11,   54,    1,   55,   11,   54,   11,   60,    0,   55
  90,    0,   47,   11,   62,    1,   13,    1,   61,    1,   25,    0,   42,   10,   38
  91,    1,   47,   11,   59,    1,   37,    0,   36,   10,   47,   10,   61,   11,   64
  92,    1,   13,   10,   50,    0,   19,    1,   55,   11,   55,   11,   54,   10,   36
  93,    1,   58,    1,   61,   10,   54,    0,   34,    1,   43,   11,   57,   10,   64
  94,    1,   45,   11,   61,   11,   56,   11,   56,   10,   44,   10,   44,    1,   48
  95,    1,   51,    1,   19,   10,   40,    1,   33,    0,   52,   10,   59,   10,   52
  96,    0,   27,    0,   43,   11,   58,   11,   62,   10,   46,    0,   64,   11,   58
  97,   11,   64,    1,   39,    1,   49,   11,   65,   10,   45,   11,   65,    1,   63
  98,   10,   64,   11,   63,   10,   40,    0,   46,   10,   64,   10,   56,   10,   42
  99,   10,   65,    0,   51,   10,   47,   11,   54,   11,   63,    1,   17,    1,   43
 100,    1,   38,   11,   65,   10,   60,    0,   59,   11,   56,   11,   64,   11,   60
 101,   10,   42,   10,   48,    0,   24,    1,   59,   10,   63,   11,   55,   10,   46
 102,   10,   49,    1,   17,   11,   59,   10,   50,    0,   43,    0,   58,   11,   55
 103,    0,   21,    1,   63,   10,   43,    0,   23,    0,   56,    0,   59,   11,   55
 104,   10,   36,   11,   60,   11,   59,   10,   63,   10,   62,    1,   17,    0,   28
 105,   11,   57,    0,   41,   11,   60,    1,   16,   10,   42,    1,   32,   11,   56
 106,   11,   62,    1,   59,    1,   32,    0,   55,    1,   39,    1,   47,    1,   61
 107,    1,   31,    1,   53,   11,   64,    1,   27,    1,   30,    0,   26,   11,   59
 108,    0,   36,    1,   39,   11,   65,   10,   54,   10,   51,    1,   28,   10,   38
 109,    1,   60,    0,   64,   11,   60,    0,   22,    0,   33,    0,   56,    1,   24
 110,    0,   36,    0,   23,   10,   64,    0,   53,    0,   18,   11,   64,    0,   26
 111,    0,   62,    1,   55,    1,   32,   11,   61,    1,   43,   10,   60,   10,   55
 112,   10,   38,   11,   62,    1,   49,   10,   55,    1,   42,   10,   42,   10,   39
 113,    0,   61,    0,   60,    1,   36,    1,   34,    1,   42,    1,   56,    0,   29
 114,    1,   62,    0,   52,    0,   37,   11,   59,    1,   25,    1,   24,    1,   47
 115,   10,   63,   11,   60,    0,   32,   10,   56,   11,   55,    0,   59,   11,   63
 116,    1,   48,    1,   22,    1,   54,   11,   65,   11,   62,   10,   57,    0,   62
 117,   10,   53,    1,   46,   10,   62,   10,   42,    1,   25,   11,   64,   10,   41
 118,    0,   24,    1,   48,    0,   50,   11,   63,    1,   46,   11,   64,    1,   49
 119,    0,   44,    1,   35,    1,   47,   11,   59,    0,   54,   11,   65,    1,   37
 120,   10,   62,   10,   36,    0,   58,   10,   62,    1,   23,    0,   65,    0,   48
 121,    1,   32,   10,   38,   11,   59,    0,   38,   11,   57,   10,   59,    0,   64
 122,    0,   59,   10,   40,    1,   44,    1,   57,    0,   36,   10,   46,   11,   57
 123,    0,   25,   10,   52,    0,   65,    1,   29,   10,   36,    1,   47,   11,   63
 124,   11,   55,    1,   13,    1,   32,    1,   32,   11,   56,   11,   60,    1,   41
 125,    0,   41,    0,   59,    1,   30,   11,   61,    1,   54,    0,   45,   10,   61
 126,   10,   50,   10,   59,    1,   42,   10,   65,   10,   64,    1,   44,   10,   46
 127,    1,   64,    1,   65,   11,   56,   11,   65,    1,   47,   11,   54,   11,   57
 128,   10,   64,    0,   47,    1,   18,   10,   65,   10,   46,    1,   34,   10,   48
 129,    0,   65,   11,   56,    0,   38,   10,   36,   11,   61,    1,   59,   10,   45
 130,   10,   65,    0,   52,   11,   62,    0,   46,   11,   59,   10,   43,    1,   55
 131,    1,   36,    0,   35,   10,   42,   11,   58,    0,   32,   11,   64,   11,   54
 132,   11,   60,    0,   29,    1,   33,    1,   62,    0,   52,   11,   58,    0,   28
 133,    1,   19,   10,   43,    0,   29,   11,   59,   11,   65,    0,   44,   11,   60
 134,    0,   29,   11,   57,   11,   63,   10,   57,   11,   64,    0,   26,   10,   42
 135,   10,   50,    0,   22,    0,   57,    0,   64,   11,   62,    1,   26,    1,   30
 136,    1,   51,   11,   55,    0,   28,    0,   59,   10,   38,    1,   36,   11,   63
 137,    0,   48,   10,   36,    0,   50,    1,   64,   10,   56,    0,   41,   10,   61
 138,    0,   37,    1,   35,    1,   27,   11,   64,    1,   46,    1,   43,   10,   51
 139,   10,   58,   11,   56,    0,   42,   10,   60,   10,   63,   11,   60,   11,   59
 140,    1,   35,    1,   47,    0,   53,   11,   59,    0,   27,    0,   30,   11,   54
 141,   11,   65,    0,   26,   11,   58,   11,   54,   11,   54,   10,   63,   11,   57
 142,   11,   58,    1,   31,    1,   43,   11,   62,   11,   54,   10,   46,    0,   62
 143,    0,   26,    0,   49,   10,   51,   10,   64,   11,   64,    0,   61,    0,   49
 144,   11,   60,    1,   29,   11,   65,   10,   57,    1,   19,   11,   61,    1,   64
 145,   10,   45,   11,   54,   11,   55,    0,   30,   10,   54,    1,   20,   11,   63
 146,   10,   60,   11,   55,   11,   64,   10,   50,   10,   39,   11,   57,   11,   61
 147,   10,   52,    0,   19,    0,   55,    0,   23,    1,   64,   11,   57,   11,   55
 148,    1,   43,   11,   54,    1,   61,    0,   46,    1,   42,   10,   48,   11,   65
 149,   11,   54,   11,   64,    0,   63,    0,   27,   11,   63,   10,   44,    1,   33
 150,    0,   48,    0,   55,    0,   18,    1,   53,   11,   60,   11,   55,    1,   51
 151,    1,   19,   10,   37,    1,   25,    1,   38,   10,   38,    1,   32,    1,   37
 152,    1,   15,    0,   48,   11,   60,    0,   21,    0,   36,   10,   55,   10,   52
 153,    1,   47,   10,   48,   11,   62,   11,   59,    1,   53,    0,   36,   11,   58
 154,   10,   43,    0,   23,    1,   45,   10,   51,    0,   19,    1,   62,    0,   30
 155,    1,   61,   11,   54,   10,   43,   10,   58,   11,   62,   11,   63,    0,   20
 156,   10,   51,   11,   55,    1,   27,   11,   59,   11,   62,   11,   61,   11,   56
 157,    1,   43,   11,   60,   11,   61,   10,   47,    1,   27,    0,   64,   10,   61
 158,   11,   65,    0,   34,   10,   45,    0,   54,   10,   52,   10,   39,   11,   59
 159,   10,   54,   10,   57,    0,   41,    0,   36,   10,   46,    1,   51,    0,   63
 160,   10,   40,   10,   38,   10,   56,    1,   28,   10,   64,   11,   58,   11,   55
 161,    0,   65,   11,   61,   10,   45,   11,   64,    1,   23,   10,   57,   11,   63
 162,    0,   65,   11,   60,    1,   51,   10,   38,   10,   36,   11,   63,   10,   38
 163,   10,   47,    0,   60,   11,   65,   10,   61,    0,   32,   11,   61,    0,   24
 164,    0,   41,    1,   51,    1,   16,   11,   61,   11,   56,   11,   54,   10,   50
 165,    0,   57,    1,   60,   10,   61,   11,   63,   10,   36,    0,   27,   10,   36
 166,    0,   41,    0,   33,    0,   26,    1,   59,    0,   49,   10,   56,    0,   34
 167,    1,   41,   11,   56,   10,   37,    1,   63,   11,   55,   11,   62,   11,   59
 168,    1,   60,   10,   58,    0,   21,    1,   29,   10,   46,   11,   62,    1,   18
 169,   10,   52,    0,   19,   10,   51,   10,   48,    1,   33,    0,   43,    0,   50
 170,   10,   41,    0,   29,   10,   48,   11,   60,   10,   42,    0,   62,    0,   24
 171,    0,   45,   10,   48,    1,   46,    1,   55,   10,   54,    0,   34,   11,   56
 172,   10,   65,    1,   39,    0,   18,    0,   40,   10,   61,    1,   29,   10,   55
 173,   10,   62,    0,   23,    1,   45,   10,   42,    0,   62,    0,   18,    1,   39
 174,   10,   58,    0,   42,    1,   51,    1,   55,    0,   65,   10,   48,   10,   47
 175,    0,   39,    1,   47,   10,   60,    1,   20,    0,   45,    1,   23,   11,   55
 176,   11,   60,   11,   64,    1,   37,    0,   35,   11,   55,    0,   20,   11,   62
 177,   10,   49,    1,   43,   10,   59,    0,   48,   10,   53,   10,   51,   11,   61
 178,   10,   36,    0,   46,   11,   55,   10,   40,   11,   63,   10,   38,    1,   26
 179,    1,   54,   10,   65,   10,   40,   11,   54,    1,   46,    1,   13,    1,   25
 180,   11,   61,    0,   59,    0,   33,   11,   63,    1,   40,   11,   62,   10,   55
 181,   11,   65,    1,   36,   10,   43,   10,   63,    1,   31,    1,   32,   10,   37
 182,   11,   57,   10,   48,   10,   53,   10,   40,    0,   23,    1,   25,    1,   37
 183,   10,   39,    1,   63,    0,   18,    1,   50,   11,   55,    0,   32,   10,   63
 184,    1,   54,    0,   48,    0,   54,   11,   59,   10,   46,   11,   58,   10,   65
 185,   10,   49,    0,   63,   10,   57,   10,   43,   10,   38,    0,   58,   10,   45
 186,   10,   52,   10,   36,    0,   22,   11,   59,    0,   35,   10,   49,   10,   64
 187,    1,   17,    0,   52,    1,   18,   11,   64,    0,   47,   10,   43,   11,   62
 188,    1,   20,    1,   56,    0,   51,   10,   52,    0,   23,    1,   46,    1,   25
 189,    1,   37,   10,   52,    1,   34,   11,   61,   11,   61,    1,   39,    1,   58
 190,   10,   62,   10,   43,    1,   20,   11,   64,    1,   13,    1,   54,   10,   56
 191,    0,   22,   10,   60,    0,   57,   11,   61,   10,   36,    1,   37,   11,   59
 192,    0,   45,    0,   65,   10,   57,   10,   64,    1,   27,    0,   19,    1,   52
 193,   10,   36,   10,   60,   11,   63,    1,   50,   10,   37,    0,   34,   10,   47
 194,   10,   58,   11,   57,   11,   60,   10,   55,   10,   40,   10,   48,   11,   62
 195,   11,   65,   11,   61,   10,   50,    1,   34,   11,   61,    0,   19,    1,   35
 196,    0,   28,    1,   32,   10,   40,   11,   59,    0,   22,   11,   54,   10,   41
 197,   10,   65,   11,   59,    1,   27,    1,   63,    0,   40,   11,   55,    0,   57
 198,    1,   55,    1,   13,   11,   57,    1,   15,   10,   60,    0,   62,   10,   52
 199,    0,   60,    1,   14,   11,   58,    1,   15,    0,   20,   11,   64,    1,   16
 200,    0,   63,   10,   59,    0,   21,   11,   55,   11,   65,    1,   18,   10,   49
 201,   10,   62,   10,   40,    1,   57,   10,   38,   10,   37,   11,   56,   10,   65
 202,   11,   60,    1,   49,   10,   63,    0,   51,    0,   37,   11,   58,    1,   31
 203,    1,   12,    0,   53,   10,   55,    0,   23,    1,   38,    0,   64,   11,   64
 204,    0,   49,   11,   57,   11,   55,   11,   55,    1,   22,    0,   50,    0,   56
 205,   11,   65,   11,   65,   10,   36,    1,   33,   11,   59,    1,   55,   11,   54
 206,   11,   62,   11,   61,    0,   50,    0,   65,   11,   64,   10,   43,   11,   63
 207,   10,   41,    0,   45,   10,   48,   11,   62,    1,   13,   10,   45,   11,   56
 208,   10,   41,   11,   61,   11,   64,    1,   41,    1,   45,    1,   56,    1,   53
 209,    0,   35,    1,   60,   10,   58,   10,   63,   10,   54,   11,   63,    0,   59
 210,    0,   53,    1,   33,    0,   38,   11,   63,   10,   55,    0,   21,   11,   64
 211,    0,   61,   10,   38,    0,   26,    1,   60,    1,   41,    1,   37,    1,   29
 212,    1,   27,   10,   36,   11,   60,   10,   48,   10,   58,   10,   64,    1,   16
 213,   11,   62,    0,   41,   11,   65,    1,   37,    1,   52,   10,   50,    0,   46
 214,    0,   35,    1,   15,    0,   55,    1,   18,   11,   57,    1,   49,    0,   55
 215,   11,   59,   10,   57,   11,   63,    1,   39,    1,   40,   11,   55,   11,   60
 216,    0,   62,    0,   19,    1,   42,    0,   48,   10,   52,    0,   35,    0,   40
 217,    1,   29,   11,   61,    0,   49,   11,   58,   11,   61,    1,   33,    0,   38
 218,    1,   38,   10,   62,    0,   56,   11,   61,    0,   21,    0,   33,    1,   55
 219,    1,   20,   11,   62,   11,   59,    0,   46,    1,   29,    0,   33,    1,   31
 220,   10,   39,    1,   52,    1,   58,   11,   56,   10,   55,    0,   44,    1,   24
 221,   10,   62,   11,   55,    1,   16,    1,   47,   10,   37,    0,   48,   11,   61
 222,    0,   21,   10,   42,   10,   45,   11,   64,   10,   57,   11,   61,   10,   48
 223,   11,   56,    0,   52,    0,   42,   11,   58,   10,   62,   10,   38,   10,   59
 224,   11,   59,    0,   34,    1,   62,    0,   61,    1,   17,   11,   55,    0,   29
 225,   10,   55,   11,   61,   10,   50,   10,   55,    1,   27,   10,   54,    0,   27
 226,   10,   60,    1,   21,    0,   43,   10,   54,   10,   55,   11,   57,   11,   56
 227,    1,   38,   10,   58,    0,   53,   11,   54,   10,   36,    0,   59,    0,   61
 228,   10,   58,   10,   58,   10,   62,    1,   32,   10,   51,   10,   47,    1,   33
 229,    0,   53,   10,   62,   10,   48,   11,   54,   10,   63,   11,   57,    1,   27
 230,   11,   58,    1,   29,    1,   58,    1,   40,    1,   30,    1,   60,    1,   49
 231,    0,   61,    1,   28,    1,   51,   11,   63,    0,   64,    1,   63,    0,   63
 232,    0,   59,    1,   57,    0,   59,   10,   39,   11,   59,    0,   58,    0,   19
 233,   10,   38,   10,   38,   11,   55,   10,   55,    1,   17,    1,   30,   11,   56
 234,    0,   46,    1,   27,    0,   58,    0,   61,   11,   55,   11,   57,   11,   57
 235,    1,   50,   10,   58,    1,   15,    1,   59,   11,   65,   10,   45,    1,   38
 236,    0,   59,    0,   33,   11,   60,   11,   54,   11,   61,   11,   62,   11,   58
 237,   10,   61,   10,   59,   11,   57,    1,   33,    0,   61,   11,   55,   11,   57
 238,   10,   50,    1,   44,   11,   58,    0,   58,   11,   63,    0,   38,   11,   64
 239,   11,   65,   10,   40,    1,   63,    0,   62,    1,   43,   11,   55,    0,   40
 240,   11,   65,   10,   41,   11,   58,    1,   43,    1,   40,   11,   54,   11,   59
 241,   11,   64,   10,   50,   10,   53,    1,   50,   11,   58,   11,   60,    1,   20
 242,   10,   44,   11,   65,    1,   32,    1,   25,   11,   63,   11,   54,   11,   63
 243,   11,   65,    1,   16,   10,   52,    0,   53,   11,   62,   11,   63,   11,   55
 244,   10,   54,   11,   59,    1,   40,    1,   12,    0,   27,    1,   47,   10,   53
 245,   11,   55,    1,   41,   11,   64,   10,   55,   11,   63,   10,   36,    1,   15
 246,   11,   63,    1,   17,   10,   46,   10,   61,   10,   60,    0,   29,    1,   37
 247,   11,   56,   10,   52,   10,   36,    0,   22,    1,   44,   10,   55,    0,   59
 248,    1,   56,    0,   36,   10,   54,   10,   63,   11,   61,   10,   48,   10,   54
 249,   11,   56,    1,   21,    0,   19,    0,   54,    1,   28,    0,   45,    1,   14
 250,    1,   55,   11,   65,   11,   59,   11,   63,    1,   32,   10,   49,   10,   60
 251,   11,   61,   10,   42,    1,   24,   10,   52,    0,   25,    0,   23,   10,   55
 252,   10,   59,   10,   43,   11,   58,    0,   28,    1,   45,   11,   64,   11,   63
 253,   10,   41,   10,   56,    1,   32,    1,   65,   10,   46,    0,   34,    0,   57
 254,    0,   36,   10,   43,    0,   64,   11,   54,   10,   37,    1,   17,   11,   56
 255,    1,   16,   11,   60,    1,   41,    0,   56,    1,   57,   10,   44,    1,   27
 256,   11,   64,   10,   56,    0,   56,    1,   26,    1,   60,    0,   65,    1,   45
 257,   10,   37,   11,   58,    1,   56,    1,   19,    0,   51,    0,   46,    0,   23
 258,    1,   27,    0,   63,   11,   65,   11,   64,   10,   48,   10,   51,    0,   55
 259,    0,   49,   11,   60,    0,   35,   10,   48,    0,   46,   11,   65,    0,   49
 260,    0,   25,   10,   54,    0,   53,   11,   65,    0,   50,   10,   56,   11,   57
 261,   11,   55,    0,   62,    1,   50,    0,   46,    1,   51,   10,   63,   11,   59
 262,    0,   50,    1,   50,   11,   58,    1,   30,    1,   25,    1,   31,    1,   63
 263,    1,   12,   11,   60,    1,   54,    0,   59,    0,   19,    0,   58,    0,   61
 264,    1,   22,   10,   43,   10,   58,   10,   45,   10,   54,    0,   40,   10,   47
 265,    0,   61,    0,   59,    0,   65,   11,   55,   11,   62,   11,   59,    1,   54
 266,   10,   52,   11,   63,    1,   61,   10,   61,    0,   24,    0,   29,    0,   19
 267,   10,   53,   10,   54,    1,   36,    0,   47,   10,   54,   11,   62,    0,   47
 268,   10,   56,   10,   58,    1,   42,   11,   57,   10,   58,   11,   60,   11,   65
 269,   10,   49,    0,   46,    1,   49,   10,   61,   10,   60,   11,   65,    1,   43
 270,   10,   53,   10,   64,    0,   32,    1,   39,   11,   59,    0,   59,   10,   59
 271,    1,   63,    1,   36,    1,   29,   11,   60,   10,   54,    1,   30,    0,   36
 272,    1,   30,   10,   56,   10,   42,    0,   64,    1,   37,    0,   50,    0,   20
 273,    1,   64,    1,   15,   10,   41,    1,   37,   10,   45,   11,   63,   10,   38
 274,   11,   63,   11,   63,    0,   61,    1,   26,    0,   25,    1,   24,   11,   54
 275,    1,   32,   11,   64,    1,   48,    1,   25,   10,   49,   10,   58,   10,   43
 276,    0,   18,    1,   47,   11,   57,    0,   41,    1,   30,    0,   42,    1,   50
 277,   10,   47,    0,   64,    0,   53,   10,   36,   10,   65,    0,   52,   10,   52
 278,    1,   36,    0,   35,   10,   61,   10,   54,    0,   18,   11,   63,   11,   55
 279,   11,   57,   10,   36,   11,   65,   11,   55,    0,   44,    1,   13,    1,   54
 280,   11,   56,   11,   58,   11,   58,   11,   62,    1,   15,    0,   63,   10,   59
 281,    0,   43,   10,   64,   10,   63,    1,   43,   10,   38,    0,   30,    1,   21
 282,    1,   17,    0,   59,    0,   39,    0,   56,    1,   47,   11,   58,    0,   25
 283,    1,   44,   10,   53,    0,   18,    0,   39,   11,   60,   11,   64,   11,   57
 284,   10,   48,   11,   61,    1,   62,   11,   59,    1,   33,    1,   28,    0,   57
 285,    0,   47,    0,   59,    0,   24,    0,   61,   11,   57,   11,   60,    0,   45
 286,    0,   51,    1,   32,   11,   61,   11,   56,    0,   58,   10,   39,    1,   63
 287,   10,   52,   11,   64,    1,   56,   11,   65,    1,   60,   11,   59,   10,   40
 288,   10,   47,   11,   58,   11,   57,    1,   33,   11,   56,   11,   63,   11,   62
 289,    1,   62,    0,   61,   10,   42,    1,   58,    0,   30,    0,   28,    0,   34
 290,   11,   61,    0,   23,   11,   57,    1,   22,    1,   63,    1,   34,    1,   44
 291,   10,   43,    0,   44,   10,   37,    1,   34,    1,   29,   10,   60,    0,   38
 292,   10,   53,   11,   64,   10,   62,   11,   55,    0,   36,    1,   13,   11,   60
 293,   11,   64,   11,   58,   11,   62,    0,   44,    0,   48,    1,   14,   11,   65
 294,   10,   42,    1,   49,    0,   27,    0,   62,   11,   55,    0,   49,   11,   56
 295,   11,   59,   11,   54,   10,   48,   11,   65,    0,   54,    1,   59,   11,   65
 296,   10,   50,    0,   20,   11,   55,    1,   17,    0,   33,    0,   31,   11,   56
 297,   11,   63,    0,   36,    0,   33,    0,   24,   10,   37,    1,   41,    1,   25
 298,   10,   38,    0,   32,    1,   22,   10,   43,    1,   55,   10,   54,   11,   58
 299,    1,   33,    0,   46,    1,   55,   10,   46,   11,   57,    1,   58,   11,   56
 300,    0,   45,    0,   57,    1,   51,    0,   56,   10,   36,    0,   37,   10,   49
 301,   10,   63,    1,   34,   11,   54,    1,   15,   10,   56,   10,   54,   10,   36
 302,   10,   54,   11,   63,    0,   46,    1,   27,    0,   23,    0,   29,    1,   44
 303,    1,   23,   10,   50,    0,   28,    1,   62,    1,   25,   11,   65,    0,   59
 304,    1,   25,   11,   60,   10,   56,    1,   49,   10,   60,    0,   32,   10,   55
 305,   10,   60,    1,   46,   10,   61,    1,   40,    0,   62,   11,   57,   11,   59
 306,    1,   32,   10,   65,   11,   64,    1,   22,    0,   63,    0,   28,   11,   64
 307,    0,   43,    1,   58,   10,   50,   10,   65,   10,   60,   11,   57,    1,   22
 308,   10,   59,    1,   29,    1,   50,    0,   62,   10,   53,    0,   22,    0,   47
 309,   10,   40,   11,   57,    0,   32,   11,   59,   10,   44,   10,   43,    0,   52
 310,    1,   28,   10,   47,   11,   65,   10,   37,   10,   36,    1,   16,   11,   54
 311,   10,   49,   10,   43,    1,   35,    1,   38,   11,   61,   11,   60,   10,   54
 312,   10,   58,   10,   47,    1,   51,    0,   63,   11,   64,   11,   65,   10,   61
 313,    0,   40,    0,   35,    1,   21,   10,   41,    0,   53,   11,   65,   11,   56
 314,   10,   51,    0,   29,   10,   61,   11,   63,    1,   63,   10,   44,    1,   32
 315,    0,   48,   10,   60,    0,   25,    1,   23,    1,   31,    1,   39,   10,   51
 316,   11,   54,   10,   55,   11,   60,   10,   49,    0,   22,    1,   45,    1,   21
 317,   11,   65,    1,   27,    0,   64,   10,   52,    1,   55,    0,   49,   10,   64
 318,   11,   59,   10,   51,    0,   43,   10,   63,   10,   43,   10,   56,    1,   19
 319,    0,   32,    0,   32,    0,   38,   10,   36,    0,   22,    1,   59,    1,   33
 320,    1,   20,    0,   28,    0,   36,   11,   57,   11,   60,   11,   60,   10,   59
 321,   11,   56,    0,   26,    0,   21,    0,   37,   10,   36,   10,   57,   11,   61
 322,   10,   44,    1,   45,   11,   58,   10,   46,   10,   37,    0,   49,   11,   57
 323,   10,   59,    0,   50,    1,   22,    0,   57,   10,   48,    1,   20,   11,   60
 324,    0,   37,   11,   57,   10,   38,   11,   61,    1,   22,    1,   54,    0,   30
 325,    1,   27,   10,   63,   10,   55,    1,   37,   10,   56,    1,   37,    0,   32
 326,   11,   65,    1,   35,    0,   51,   11,   54,   10,   42,    0,   49,    1,   16
 327,   10,   62,   10,   59,   10,   52,    1,   41,    1,   12,   10,   63,    1,   35
 328,   10,   36,    0,   54,   10,   37,    1,   44,    0,   63,    0,   47,    0,   30
 329,    0,   54,   11,   64,    0,   48,   11,   61,    0,   39,    1,   46,    0,   49
 330,    0,   20,    0,   59,   11,   57,    0,   30,   11,   60,    0,   52,   10,   61
 331,   11,   64,   10,   62,   10,   42,   10,   44,    0,   26,    0,   31,   11,   60
 332,   10,   39,   11,   55,   11,   56,    0,   63,    0,   31,   10,   53,   10,   45
 333,   11,   54,    0,   29,   11,   55,   10,   64,   11,   55,    1,   15,   11,   59
 334,    1,   60,   10,   65,   10,   39,    0,   23,    1,   54,   11,   54,    1,   62
 335,   11,   57,   11,   55,    1,   23,    1,   40,    0,   26,   10,   61,    0,   63
 336,   10,   59,    0,   35,    1,   42,   11,   60,   11,   65,   11,   58,   11,   57
 337,   10,   56,   10,   63,   11,   63,    1,   59,   10,   45,    1,   24,   11,   58
 338,    1,   32,   10,   44,   11,   62,   11,   54,    1,   23,    0,   34,   11,   58
 339,    0,   58,   11,   60,    0,   25,    1,   34,    1,   53,   11,   59,    0,   39
 340,    0,   40,    1,   65,    1,   18,   11,   62,   10,   45,    0,   52,    1,   45
 341,    0,   39,   10,   52,   10,   42,    1,   15,    0,   27,   10,   59,   10,   46
 342,    0,   51,   11,   54,   10,   46,    1,   51,    1,   41,   10,   55,    1,   40
 343,   10,   36,    0,   40,   10,   64,   10,   56,   11,   55,    0,   40,   10,   45
 344,    1,   58,   10,   53,   11,   61,    1,   21,    0,   42,    0,   42,   11,   58
 345,   11,   63,   11,   58,   10,   55,    0,   26,   10,   57,    0,   41,    1,   34
 346,   11,   65,    0,   62,   10,   47,    0,   46,   10,   64,   11,   63,   11,   62
 347,   11,   60,   10,   49,   11,   64,   11,   57,    0,   47,    1,   33,   11,   62
 348,   11,   63,    1,   17,    1,   54,    1,   57,    1,   56,   11,   62,    0,   62
 349,    1,   16,    0,   59,    1,   43,   11,   65,   10,   57,   10,   48,    0,   27
 350,    1,   23,   11,   56,    0,   51,   11,   61,    1,   56,    0,   49,    1,   52
 351,    1,   45,    0,   58,   10,   41,   11,   65,   10,   61,   11,   57,    0,   33
 352,   11,   57,    1,   57,    0,   39,    1,   34,   11,   59,    0,   60,   11,   58
 353,    0,   41,   10,   49,    0,   22,   10,   52,   10,   44,    1,   30,   10,   49
 354,    0,   50,   11,   58,    0,   44,   10,   46,   11,   65,    1,   39,    1,   48
 355,    0,   32,   11,   56,   10,   42,    0,   37,   10,   43,    1,   36,   10,   40
 356,   10,   53,   11,   61,    1,   38,   10,   51,   10,   44,    0,   64,   11,   62
 357,   11,   65,    1,   30,   11,   62,    0,   55,    0,   27,   10,   42,    1,   20
 358,   10,   54,   11,   55,   11,   57,    0,   34,   11,   57,    1,   26,   10,   47
 359,   11,   55,   10,   65,    1,   40,   11,   55,    1,   58,   11,   60,   11,   60
 360,   10,   60,    0,   22,    0,   61,    0,   42,    1,   33,    1,   58,    0,   53
 361,   10,   53,    1,   53,   10,   48,    1,   34,   10,   43,   11,   64,    1,   40
 362,   10,   50,    0,   48,   10,   53,   10,   50,   11,   55,   11,   54,   11,   59
 363,   10,   37,   11,   56,   11,   65,   11,   61,    0,   46,   10,   63,   10,   40
 364,    0,   56,    1,   30,    1,   61,   11,   63,    1,   65,   10,   62,   11,   61
 365,   10,   64,    0,   43,    0,   57,   11,   60,    1,   60,    0,   55,    0,   55
 366,   11,   63,   10,   41,   11,   56,   11,   61,   11,   60,    0,   62,   10,   49
 367,    1,   42,   11,   57,    1,   22,    1,   53,    0,   58,    0,   25,    0,   53
 368,   10,   61,    0,   61,    0,   25,    1,   30,   11,   62,    0,   23,   10,   39
 369,   10,   57,   10,   36,   11,   57,    1,   40,   11,   57,   10,   61,   10,   42
 370,    1,   19,   10,   50,    1,   61,    0,   24,   10,   47,    1,   43,   10,   36
 371,    0,   20,    0,   28,   11,   54,    0,   45,    1,   47,    0,   51,    0,   34
 372,    1,   45,    0,   19,    0,   46,    1,   49,    1,   12,    0,   62,   11,   63
 373,    1,   50,    1,   13,    1,   49,    0,   65,    1,   45,    0,   22,   11,   61
 374,    0,   36,   10,   60,    1,   36,   11,   61,   11,   60,   10,   60,   11,   56
 375,   10,   57,    1,   28,    0,   63,   10,   63,   10,   45,   11,   64,   11,   60
 376,    1,   56,   10,   38,   11,   63,   10,   42,    1,   38,   11,   59,   11,   59
 377,    0,   37,   11,   61,   11,   62,   10,   63,   10,   52,   11,   65,   11,   56
 378,    1,   46,    0,   37,   10,   61,    0,   33,    1,   20,    1,   65,    1,   15
 379,   11,   65,   11,   61,    1,   56,   10,   41,   10,   50,   10,   42,    1,   28
 380,    1,   49,    1,   47,    0,   19,    1,   61,    0,   22,   11,   57,    0,   21
 381,    0,   28,   10,   37,   11,   65,    1,   56,   10,   36,   11,   65,   10,   57
 382,    1,   58,    0,   35,   11,   56,    0,   20,    0,   60,   11,   60,   11,   55
 383,   11,   62,   11,   57,    0,   47,   10,   63,    0,   28,   10,   60,    1,   33
 384,   10,   38,    1,   26,    0,   35,    1,   60,   10,   43,    1,   40,   11,   57
 385,    1,   18,    0,   27,   10,   56,   11,   63,    1,   32,   11,   60,   10,   57
 386,   11,   58,   11,   59,    1,   51,   10,   45,   10,   39,   11,   54,    0,   51
 387,   11,   65,    1,   62,   10,   38,    1,   38,   11,   54,   10,   52,   11,   58
 388,    1,   47,    0,   48,    1,   24,    0,   46,   10,   44,    1,   64,    1,   43
 389,    1,   34,    0,   35,   11,   59,   11,   65,    1,   19,   10,   37,    0,   32
 390,    0,   40,   11,   59,    1,   21,   10,   36,    0,   43,   11,   58,    1,   28
 391,   11,   60,   11,   62,    1,   32,    0,   20,   11,   61,   11,   56,   10,   52
 392,    0,   57,   11,   65,    0,   46,   11,   65,    1,   59,   11,   64,   10,   64
 393,   10,   39,    0,   28,    0,   42,    1,   27,    1,   19,    1,   59,   10,   58
 394,    1,   65,    1,   28,   10,   56,    1,   34,    0,   47,    1,   40,    0,   41
 395,   11,   58,   10,   41,    0,   30,    0,   57,    1,   64,   10,   61,    0,   37
 396,    1,   23,   11,   63,    0,   46,   11,   58,   11,   60,   10,   60,    0,   55
 397,    1,   57,    0,   32,   10,   55,    1,   48,   11,   58,    0,   35,    0,   25
 398,   10,   44,    0,   61,    0,   34,   10,   61,   11,   61,   11,   60,    0,   41
 399,    1,   33,    1,   56,   10,   57,   11,   55,   10,   59,   10,   57,    1,   17
 400,    0,   58,    1,   21,    1,   40,    1,   13,    0,   46,    1,   53,    1,   54
 401,   10,   45,    1,   33,    0,   55,   11,   61,   10,   59,    0,   53,   10,   40
 402,   10,   60,    0,   21,    0,   32,    1,   57,    1,   53,    0,   51,   11,   58
 403,   11,   54,    0,   19,   11,   63,   10,   62,    1,   53,   11,   61,   11,   64
 404,   10,   59,   11,   56,    0,   47,   11,   63,   11,   55,    1,   62,   10,   57
 405,   11,   62,    1,   59,    1,   63,   10,   41,   11,   63,   11,   61,    0,   21
 406,    0,   43,    1,   43,    1,   50,   10,   55,   11,   55,   11,   56,   11,   59
 407,    1,   64,   10,   37,   11,   57,    1,   19,   11,   61,   11,   61,   11,   64
 408,   11,   63,   11,   62,   10,   63,   11,   65,    0,   46,   11,   61,    0,   25
 409,    1,   40,    1,   31,    0,   48,    1,   39,    0,   65,    1,   50,   11,   56
 410,    1,   31,    0,   49,   11,   61,   10,   38,    1,   38,   11,   59,   10,   51
 411,    0,   18,   11,   65,    0,   25,   11,   60,    0,   43,   11,   57,    1,   51
 412,    1,   12,    1,   41,   10,   48,    1,   50,   11,   64,    1,   18,   10,   42
 413,    0,   48,    0,   52,   10,   48,   11,   59,   10,   54,   10,   62,    0,   50
 414,    0,   28,   10,   45,    0,   44,   11,   60,    0,   32,    0,   33,    0,   49
 415,   10,   39,    0,   25,   11,   65,    1,   35,    0,   52,   10,   36,    0,   18
 416,    1,   59,   11,   61,   11,   64,   10,   47,    1,   21,   10,   50,    0,   19
 417,    0,   30,    1,   60,   11,   57,   10,   52,   11,   57,    1,   44,    1,   34
 418,    0,   53,   11,   61,   10,   62,   11,   54,   10,   36,    1,   22,    0,   38
 419,    0,   52,    1,   59,    1,   64,   11,   58,    0,   24,    0,   20,   11,   58
 420,    1,   35,   11,   58,    1,   48,    1,   47,    1,   42,    1,   25,   11,   61
 421,   10,   44,   10,   52,   10,   52,    1,   47,    0,   32,    1,   35,    0,   27
 422,   11,   63,    0,   47,   10,   38,   10,   46,    1,   31,   10,   61,   11,   57
 423,   11,   54,   10,   57,   11,   59,    1,   45,    1,   64,    1,   19,    1,   25
 424,   11,   64,   10,   44,    1,   20,   10,   42,    0,   61,    1,   45,    0,   31
 425,    0,   31,    0,   35,   11,   61,   11,   59,    0,   25,    1,   24,    0,   30
 426,    1,   34,   10,   64,   10,   38,    0,   37,    0,   44,   10,   44,   10,   65
 427,    0,   62,    1,   59,    1,   61,   11,   63,    1,   26,    0,   55,    1,   37
 428,    0,   21,   11,   60,    0,   27,    1,   26,    0,   18,   11,   59,   10,   52
 429,   10,   62,    1,   47,    0,   32,    0,   39,   11,   64,   10,   61,    1,   16
 430,    1,   50,    0,   24,   11,   59,   10,   65,   10,   48,   10,   50,    1,   42
 431,    1,   18,   11,   64,   10,   49,   11,   59,   10,   63,    0,   54,   11,   58
 432,   10,   45,   11,   58,    0,   36,    0,   25,    0,   52,    1,   14,   10,   44
 433,   11,   65,   10,   63,   11,   58,   10,   36,   10,   65,   10,   44,   10,   47
 434,    1,   36,    0,   40,    0,   18,    0,   38,    1,   14,   11,   55,    1,   56
 435,   10,   48,   11,   57,    1,   55,    1,   55,    1,   49,    0,   39,    0,   45
 436,    0,   63,   11,   57,    1,   12,   11,   60,    1,   65,    1,   47,    1,   18
 437,    1,   50,    0,   33,    0,   19,    0,   27,    0,   50,   11,   59,    1,   39
 438,   10,   54,    0,   55,   11,   60,   10,   53,    0,   36,   11,   54,   11,   61
 439,   10,   50,    0,   47,   11,   60,   11,   62,    0,   57,    0,   63,    0,   37
 440,   11,   58,   10,   55,    1,   33,   10,   51,   11,   62,    0,   50,   10,   51
 441,    1,   53,   11,   57,    1,   50,   11,   57,   10,   62,    0,   57,   10,   60
 442,   11,   62,   10,   38,   10,   37,    1,   16,   10,   36,   10,   55,    0,   24
 443,   11,   62,   11,   58,    0,   63,    1,   42,    0,   56,    0,   63,    1,   20
 444,   10,   43,    0,   41,   10,   57,   11,   56,   11,   59,    0,   54,    1,   42
 445,    0,   29,   10,   36,    0,   43,    0,   51,   11,   55,    1,   15,   11,   62
 446,    0,   29,   10,   44,    0,   58,    1,   49,    1,   24,   11,   62,    1,   45
 447,    0,   64,   11,   63,    0,   58,    1,   30,   10,   62,   10,   44,   11,   55
 448,   11,   62,   10,   42,    1,   34,   10,   58,   11,   59,   10,   60,   10,   53
 449,    1,   15,   11,   56,   10,   42,    0,   37,   10,   43,    0,   55,    1,   14
 450,    0,   51,   11,   65,   11,   59,   10,   38,   10,   58,   11,   54,    1,   26
 451,    0,   29,   11,   60,   10,   42,   11,   59,   11,   59,    0,   28,   10,   41
 452,    1,   44,    1,   13,    0,   56,    1,   17,    0,   33,    0,   47,   10,   59
 453,    1,   41,   11,   63,    1,   17,   11,   63,    0,   20,   11,   58,    0,   45
 454,   11,   65,    0,   53,    0,   57,   10,   60,   10,   60,    0,   30,    0,   23
 455,    0,   22,    1,   30,    0,   27,   10,   37,    0,   59,   11,   54,    1,   31
 456,   10,   54,   11,   57,    1,   32,   11,   56,   11,   61,    1,   50,    0,   20
 457,   11,   58,   11,   61,   10,   62,    1,   32,   11,   64,   11,   65,   10,   41
 458,   11,   64,    1,   48,    0,   62,    1,   42,   10,   60,   10,   45,   11,   56
 459,   10,   51,    1,   39,    1,   40,    0,   30,    0,   59,    1,   58,    1,   29
 460,   10,   48,   11,   61,   10,   65,   11,   58,    1,   58,   11,   60,   10,   38
 461,    0,   23,    1,   12,   10,   36,    1,   17,    0,   49,    1,   12,   11,   60
 462,   11,   57,    1,   13,   10,   62,    0,   45,    0,   50,   11,   59,   11,   58
 463,    0,   38,   10,   60,   10,   38,   11,   55,    0,   28,    0,   27,    0,   43
 464,   11,   60,   10,   59,   11,   57,   11,   56,    0,   56,    0,   61,   11,   62
 465,   10,   50,    0,   34,   11,   61,    1,   21,    0,   43,   10,   64,   11,   62
 466,   10,   65,   10,   59,    1,   19,    1,   54,   10,   50,    0,   35,   10,   48
 467,    0,   64,   11,   64,    1,   65,    0,   49,    0,   34,   10,   50,    1,   62
 468,   11,   64,   11,   56,   10,   47,   11,   58,   10,   60,    1,   18,    1,   26
 469,    1,   64,   11,   61,   11,   60,   11,   57,   11,   60,    0,   40,    1,   23
 470,   11,   56,   10,   52,   10,   41,   10,   50,   10,   63,   11,   61,   10,   65
 471,    0,   25,   10,   45,    1,   45,    1,   43,    1,   20,   10,   40,    0,   58
 472,   11,   55,   10,   60,   11,   61,   10,   54,    1,   43,   11,   59,    0,   58
 473,    1,   35,   10,   60,   10,   47,    0,   64,    1,   35,   11,   62,   10,   65
 474,   11,   61,    0,   57,   10,   53,   10,   42,   10,   50,   11,   65,   11,   60
 475,    1,   17,    0,   31,    0,   52,    1,   56,   11,   59,    1,   40,   10,   50
 476,   11,   57,    0,   64,    0,   27,    1,   57,    1,   47,   11,   60,    0,   42
 477,    0,   35,    0,   37,    0,   50,   10,   60,   10,   39,    0,   65,   10,   55
 478,    1,   29,   11,   65,    0,   34,    1,   65,   10,   58,    1,   29,   10,   60
 479,    0,   60,   10,   45,    0,   63,   10,   49,    1,   47,    0,   61,   10,   36
 480,    0,   46,    0,   33,   11,   63,   10,   62,   10,   44,   11,   54,    0,   61
 481,   10,   62,   11,   62,   11,   58,   10,   63,    0,   18,   10,   48,    1,   32
 482,   10,   51,    1,   48,    1,   38,    1,   40,   11,   55,   10,   41,   11,   63
 483,    1,   63,    0,   47,    1,   54,   11,   57,   10,   55,    1,   28,    0,   63
 484,    1,   49,   11,   57,    0,   35,   10,   51,    0,   65,   11,   64,    0,   38
 485,   11,   65,   10,   41,   11,   57,   11,   61,    1,   44,    1,   44,   11,   62
 486,   10,   57,   11,   58,    0,   51,    0,   49,   10,   46,    0,   53,   11,   63
 487,   11,   59,    0,   23,    0,   31,   11,   55,   11,   54,   10,   53,   10,   40
 488,    1,   57,    1,   31,    1,   33,   10,   51,   11,   59,    1,   12,    1,   56
 489,   11,   60,    1,   32,    1,   30,   11,   58,   10,   40,   11,   57,    1,   25
 490,    0,   63,   10,   63,    0,   44,   10,   64,   10,   55,    1,   60,   10,   36
 491,   10,   61,    0,   27,   10,   37,    1,   43,    0,   58,    0,   56,    0,   58
 492,   10,   58,   10,   60,    0,   54,    0,   30,    0,   39,    1,   59,    0,   54
 493,   11,   61,    0,   18,    0,   57,   10,   63,   10,   39,   10,   45,   10,   41
 494,   11,   62,   10,   54,    1,   39,   10,   46,    1,   32,    0,   18,   11,   64
 495,    1,   27,   10,   62,    0,   26,    0,   35,   11,   54,    1,   62,   10,   45
 496,   11,   63,    0,   60,   11,   59,   10,   48,    1,   46,   11,   59,   10,   40
 497,    1,   35,   11,   61,    1,   55,    0,   45,   11,   54,   10,   59,   10,   43
 498,   11,   61,    1,   35,   11,   62,   11,   62,    0,   41,   10,   36,    0,   48
 499,    0,   52,    0,   38,   11,   61,    0,   44,   10,   42,    0,   25,   11,   56
 500,   11,   65,   10,   60,   11,   62,   10,   36,    1,   33,   11,   63,    1,   51
 501,    0,   59,    0,   40,    1,   57,    1,   18,   10,   41,   11,   62,   10,   45
 502,   11,   58,    1,   47,   11,   65,    1,   51,    0,   62,    0,   43,    1,   33
 503,    1,   38,   11,   59,   10,   36,    1,   56,    1,   59,    1,   27,    0,   29
 504,   10,   42,   11,   64,    1,   63,    0,   49,    1,   14,   10,   54,   10,   42
 505,    0,   29,    1,   47,   10,   45,   11,   61,    0,   64,   11,   63,   10,   44
 506,    0,   30,   10,   48,    0,   50,   10,   40,    1,   31,    1,   62,    0,   56
 507,    0,   46,    0,   30,   11,   54,    1,   35,    1,   50,   11,   62,    1,   41
 508,   11,   58,    1,   51,    0,   52,    1,   56,   11,   59,    1,   31,   11,   55
 509,    1,   25,    0,   54,   11,   63,    0,   31,   10,   43,    1,   40,   11,   61
 510,   11,   58,   11,   60,    0,   23,    1,   22,    1,   14,    1,   32,    1,   55
 511,   10,   45,    0,   24,   10,   62,    1,   34,   10,   39,   11,   59,    0,   61
 512,    0,   19,    0,   44,    1,   15,    0,   40,    0,   27,   10,   45,    0,   63
 513,   11,   61,   11,   65,    1,   45,   11,   54,   11,   59,   11,   58,    0,   42
 514,   11,   60,    0,   50,   10,   52,    0,   28,    0,   64,   11,   64,    1,   24
 515,    1,   64,   11,   62,   10,   48,   10,   58,    0,   21,   10,   50,   10,   44
 516,   10,   61,   10,   36,   11,   56,    1,   16,    1,   60,    1,   50,    1,   38
 517,    1,   48,    0,   61,   11,   57,   10,   64,   11,   55,    1,   32,   11,   65
 518,   11,   61,    1,   26,    1,   34,   10,   48,   11,   55,    0,   54,   11,   60
 519,   10,   53,   11,   64,    1,   33,   10,   56,   10,   45,   10,   59,   10,   63
 520,    0,   29,    0,   27,    0,   49,   10,   41,   10,   44,   11,   62,    1,   49
 521,   11,   61,    1,   21,    1,   12,    1,   40,   10,   41,    1,   37,   11,   56
 522,    1,   61,    1,   41,   10,   63,   11,   57,   10,   58,    0,   54,    1,   47
 523,    1,   22,   10,   37,   10,   51,    0,   50,    1,   25,   10,   55,   10,   57
 524,    0,   62,    1,   26,   10,   38,    0,   30,   11,   55,   10,   58,   10,   42
 525,    1,   34,    0,   34,   11,   54,    0,   58,   11,   55,   11,   64,    1,   21
 526,    1,   13,   11,   56,    1,   43,   10,   43,    1,   43,    1,   58,   10,   55
 527,   11,   54,   11,   57,    0,   50,    1,   52,    0,   48,    1,   52,    0,   21
 528,   10,   65,    0,   30,    0,   57,    0,   52,    1,   40,    1,   23,   11,   54
 529,    1,   54,   10,   51,    0,   28,   10,   45,   10,   53,   10,   44,    1,   57
 530,    0,   21,   11,   64,    0,   57,    0,   56,   10,   49,    1,   58,    0,   46
 531,    0,   62,    0,   62,   11,   65,   10,   64,    0,   35,   10,   52,    0,   59
 532,    0,   24,    0,   60,    0,   47,   11,   62,   10,   60,    0,   49,    1,   50
 533,   10,   45,   10,   58,   11,   64,    0,   37,   11,   61,    0,   29,    1,   50
 534,    1,   34,   11,   54,    1,   65,   11,   63,    0,   23,    0,   20,   11,   65
 535,   11,   60,    0,   22,   11,   60,   11,   56,    0,   55,    0,   49,    0,   49
 536,   11,   64,   11,   60,   10,   46,   10,   54,    1,   32,    1,   62,   11,   54
 537,   11,   58,   11,   55,   11,   59,    1,   61,   10,   59,    1,   29,   11,   58
 538,    0,   49,   10,   63,   10,   45,    0,   46,   11,   55,   11,   64,   10,   54
 539,   11,   62,    1,   55,   10,   46,   11,   58,   10,   65,   11,   65,    1,   25
 540,   10,   41,   11,   57,   11,   65,   11,   58,    1,   45,    0,   65,    1,   35
 541,    1,   62,   11,   60,   10,   64,    0,   21,    0,   20,   10,   46,   11,   54
 542,    0,   45,    0,   54,    0,   43,   10,   44,   10,   52,    0,   28,    0,   41
 543,    1,   12,   11,   57,    1,   65,    0,   33,   10,   61,    0,   34,   10,   60
 544,   10,   44,    0,   18,   11,   57,   10,   48,    1,   47,   10,   51,    0,   57
 545,    1,   28,    1,   59,   10,   61,   11,   65,    0,   39,    0,   46,   10,   41
 546,    0,   62,    0,   60,    1,   54,   11,   59,   10,   37,    1,   35,   10,   53
 547,    1,   34,    0,   51,    0,   49,   11,   56,    0,   37,    0,   43,   11,   57
 548,    0,   36,   10,   62,    1,   12,   11,   55,    1,   23,    1,   54,    0,   41
 549,    1,   21,    1,   49,    0,   57,    0,   39,   10,   48,   10,   49,   10,   56
 550,    0,   31,   10,   63,    1,   22,    0,   19,    0,   46,    0,   25,    1,   28
 551,   11,   55,   10,   46,   10,   62,    0,   34,   11,   56,    1,   12,    1,   54
 552,   10,   55,    0,   51,   11,   54,    1,   33,   10,   59,   10,   65,   10,   56
 553,    1,   26,    1,   22,   10,   38,    1,   16,   10,   61,    1,   30,   11,   59
 554,    1,   19,    1,   51,    0,   24,   11,   60,    1,   44,    1,   24,    1,   55
 555,   11,   56,   11,   57,   11,   56,   11,   63,   11,   61,    1,   48,    0,   58
 556,    1,   47,    0,   18,    1,   24,   11,   62,   10,   60,    0,   60,    0,   38
 557,   11,   61,   10,   37,    0,   60,   10,   39,    1,   53,   11,   56,    0,   32
 558,   10,   56,   10,   57,   10,   63,    1,   44,    0,   41,   10,   63,   10,   54
 559,    1,   43,    0,   55,   11,   60,   10,   53,   11,   54,   10,   48,   11,   56
 560,    1,   35,   10,   65,    1,   56,   10,   44,   10,   39,    1,   49,    0,   53
 561,   11,   60,   10,   47,    0,   24,   11,   59,    0,   56,    0,   29,    1,   61
 562,    0,   54,   10,   46,   11,   54,    0,   49,    1,   51,    0,   44,    0,   41
 563,    1,   47,    0,   43,   11,   56,    1,   35,   11,   54,    1,   65,   11,   59
 564,    0,   36,   11,   55,   11,   63,    1,   28,    0,   52,    1,   52,    1,   19
 565,   11,   54,    0,   51,    0,   22,    0,   50,   10,   37,    1,   53,    0,   46
 566,   11,   54,   10,   52,   11,   61,   11,   55,    0,   37,   10,   58,   11,   54
 567,    1,   43,    1,   12,   10,   47,   10,   64,   11,   54,    1,   21,    1,   63
 568,   10,   38,   10,   41,   11,   59,    1,   18,    0,   24,    0,   55,    1,   56
 569,   10,   49,   11,   63,    0,   21,    0,   54,   11,   59,   11,   60,   11,   60
 570,   11,   65,    1,   25,    1,   47,   10,   38,   10,   38,   11,   54,    1,   15
 571,    1,   26,    1,   28,   10,   53,    0,   32,    0,   27,    1,   48,   11,   62
 572,    1,   57,   11,   65,   10,   53,   10,   56,    1,   29,    0,   38,   11,   54
 573,    0,   50,   10,   46,    1,   31,    0,   45,    1,   65,    1,   36,   11,   62
 574,   10,   58,   10,   61,    0,   53,    1,   42,   11,   62,   10,   64,    1,   13
 575,   11,   58,   10,   60,   11,   56,    0,   53,    1,   45,   10,   56,   10,   45
 576,   10,   64,    0,   65,    1,   27,   10,   42,    0,   51,   10,   55,   11,   54
 577,    1,   27,   11,   58,    1,   44,   10,   39,   11,   65,   11,   57,    1,   17
 578,    0,   59,    0,   39,    0,   50,    0,   56,    0,   32,    0,   43,    1,   45
 579,   10,   45,    0,   33,    0,   65,    1,   56,   11,   60,    1,   42,   11,   56
 580,    1,   47,   10,   36,   10,   50,   10,   58,    0,   18,    0,   35,    1,   41
 581,   11,   58,   11,   63,   11,   63,   10,   49,   11,   58,    0,   60,    1,   58
 582,    1,   57,    0,   20,    1,   56,   11,   55,    0,   49,    0,   45,    0,   38
 583,    1,   32,    1,   62,    0,   23,   11,   59,    1,   41,   10,   36,   11,   62
 584,   10,   63,    0,   42,    0,   29,    0,   49,   11,   64,   11,   61,   11,   58
 585,    1,   29,   10,   37,   10,   50,   10,   63,   10,   45,    1,   39,   11,   61
 586,    1,   59,    0,   26,    1,   63,   11,   56,   10,   44,   11,   61,   10,   63
 587,   11,   65,    0,   30,   11,   64,   11,   62,   11,   59,    0,   52,    0,   47
 588,   10,   47,   10,   47,    0,   59,   11,   57,   10,   40,   10,   49,    1,   62
 589,   11,   64,   11,   62,   11,   57,   11,   58,   11,   58,    1,   25,    0,   33
 590,    0,   33,    1,   16,   10,   61,   10,   39,    0,   32,    1,   51,    1,   15
 591,   10,   42,   11,   54,   11,   60,    1,   20,    0,   31,    0,   59,    0,   21
 592,    1,   19,    1,   59,   11,   65,   10,   62,    1,   45,   10,   64,   11,   65
 593,   11,   56,   11,   54,    1,   54,   11,   55,    1,   37,    1,   22,    0,   56
 594,    0,   57,    1,   48,   11,   61,    0,   51,   10,   63,    1,   13,    0,   64
 595,   10,   48,   10,   45,    0,   46,   11,   54,    1,   37,   10,   64,   11,   65
 596,    1,   34,   11,   56,    1,   21,    0,   55,    0,   51,   11,   65,   11,   63
 597,   11,   58,    0,   23,    0,   25,    1,   42,    0,   54,   11,   54,    1,   26
 598,   11,   63,   10,   52,    0,   34,   11,   54,    1,   55,   10,   56,    1,   16
 599,   10,   51,   10,   37,    0,   62,   11,   60,    1,   17,   11,   63,   10,   60
 600,    1,   57,    0,   21,   10,   52,   10,   42,    1,   18,   11,   64,   10,   64
 601,   10,   64,   11,   64,    1,   17,    0,   48,   11,   59,   11,   62,    0,   27
 602,    0,   30,    1,   41,    0,   45,   10,   59,   10,   58,    1,   13,    1,   45
 603,    1,   61,    0,   19,    1,   23,   11,   60,   10,   55,    0,   37,   11,   56
 604,   11,   63,   10,   52,   10,   57,   10,   60,   10,   62,    0,   55,   11,   63
 605,    0,   42,    0,   49,   10,   57,   10,   52,   10,   64,    1,   27,   11,   61
 606,    0,   33,    1,   37,   10,   44,    0,   40,   11,   56,   11,   55,   10,   51
 607,    0,   45,   11,   64,   11,   57,   10,   59,    0,   61,   10,   58,    0,   24
 608,   10,   65,    1,   62,    1,   36,    1,   52,   11,   57,   11,   56,    0,   24
 609,    0,   38,   10,   38,   10,   43,    1,   55,   11,   62,   10,   64,   10,   61
 610,    0,   59,    0,   19,    0,   56,   10,   62,    1,   60,   11,   59,   11,   57
 611,   10,   42,    1,   52,   11,   54,   11,   64,   11,   62,    0,   63,   11,   62
 612,   10,   56,   10,   51,    0,   36,    1,   36,   11,   57,    0,   27,   10,   48
 613,   11,   55,   10,   60,    1,   60,   11,   59,   11,   59,   11,   58,   10,   48
 614,    1,   36,    1,   50,    0,   63,   10,   58,    1,   60,   10,   62,    1,   64
 615,    1,   23,    0,   35,   11,   54,   10,   45,    1,   28,    1,   34,    0,   53
 616,    1,   17,   11,   56,   10,   53,    0,   63,   11,   62,    0,   51,    0,   40
 617,    1,   25,   11,   55,    1,   44,   11,   64,   10,   65,    0,   34,   11,   56
 618,    1,   35,   10,   40,   11,   65,   10,   56,    1,   22,    1,   27,    1,   40
 619,   10,   55,    0,   25,    0,   22,    1,   25,   10,   59,    1,   45,    1,   17
 620,    1,   16,   10,   65,    0,   41,    0,   63,    1,   44,    1,   35,    0,   31
 621,   11,   59,   10,   44,   11,   61,   11,   57,    0,   30,    1,   57,   11,   55
 622,   10,   40,   10,   50,   10,   59,    1,   39,   10,   53,    1,   29,    1,   51
 623,   11,   63,    1,   58,    0,   33,   10,   49,   10,   56,   10,   50,    0,   59
 624,    1,   14,   10,   51,    0,   42,   11,   60,   10,   44,   10,   58,    0,   24
 625,   11,   62,   10,   44,    1,   38,    0,   23,    0,   20,    0,   19,    1,   22
 626,   10,   44,   10,   54,   11,   61,    1,   48,   11,   64,   10,   39,   10,   53
 627,   11,   60,    0,   56,    1,   43,    1,   34,    0,   42,   10,   60,    1,   22
 628,   11,   64,    1,   63,    0,   23,   11,   54,    0,   64,    0,   53,    1,   42
 629,    1,   19,    0,   47,    0,   44,    0,   56,   10,   62,    1,   19,   11,   61
 630,    0,   28,    0,   51,   11,   57,    0,   25,   11,   62,    0,   58,    0,   23
 631,   10,   52,    0,   37,    0,   22,    1,   20,    1,   51,   10,   60,   11,   57
 632,   10,   41,    1,   34,    0,   56,   10,   54,    1,   19,    0,   27,   11,   54
 633,   11,   59,   10,   61,   10,   54,    0,   28,   10,   64,   10,   36,   11,   64
 634,    0,   37,   10,   48,    1,   55,   11,   60,   10,   45,   10,   54,    1,   13
 635,   11,   58,   11,   55,   10,   65,    0,   42,    1,   33,    1,   32,   11,   54
 636,    0,   36,    1,   47,   11,   60,    1,   50,    0,   42,   11,   62,   11,   65
 637,    0,   57,    1,   23,    1,   21,   10,   51,    0,   56,   10,   36,    1,   54
 638,   10,   53,   11,   59,   10,   61,    0,   37,    0,   61,   10,   59,    0,   45
 639,    0,   41,    1,   41,    0,   45,    0,   47,   11,   56,   11,   63,   10,   61
 640,   10,   57,    1,   61,   10,   55,    1,   48,   10,   49,   10,   62,    1,   30
 641,   10,   38,   11,   64,   10,   62,   11,   56,   10,   52,   10,   49,   11,   58
 642,    0,   19,    0,   54,   11,   62,    1,   58,    1,   64,   11,   55,    0,   64
 643,    0,   21,    1,   51,   10,   38,   11,   62,   10,   40,    0,   58,    0,   26
 644,   10,   54,    0,   26,   11,   58,   11,   62,   11,   56,   10,   53,   10,   44
 645,    0,   50,   11,   55,    0,   54,    0,   58,    1,   35,    0,   39,   11,   63
 646,    0,   27,   10,   53,    0,   29,    0,   22,    0,   57,   10,   63,    0,   21
 647,   10,   59,    0,   45,    1,   25,    1,   17,   10,   51,    1,   29,    1,   32
 648,    1,   15,   10,   38,    1,   44,    1,   55,    0,   31,   10,   64,    0,   27
 649,   10,   55,    1,   18,    0,   39,   10,   62,    0,   29,   10,   41,    0,   29
 650,    1,   48,   10,   45,    1,   19,    0,   65,    1,   45,   10,   61,   11,   56
 651,    0,   26,   10,   55,    0,   35,    0,   30,    0,   55,    0,   65,    1,   27
 652,   11,   58,    1,   24,   10,   38,    0,   36,   11,   59,    0,   55,   11,   57
 653,   10,   55,   11,   62,   10,   50,   10,   58,   11,   61,    0,   28,   11,   55
 654,   11,   57,    0,   64,    1,   56,    0,   37,   11,   54,   10,   65,    0,   47
 655,   10,   55,   11,   57,    1,   24,    0,   61,   11,   61,    0,   29,    0,   43
 656,    1,   48,    1,   23,    1,   52,    1,   22,    0,   18,   10,   52,   10,   48
 657,    1,   50,    0,   18,   11,   59,   10,   65,   10,   42,   10,   47,    1,   28
 658,    1,   32,   10,   38,   11,   61,    0,   50,    0,   23,   10,   60,    1,   23
 659,   11,   59,   10,   41,    0,   36,    0,   48,   11,   55,   10,   52,   11,   62
 660,   11,   54,    0,   60,   11,   57,   10,   46,   11,   60,    0,   52,   10,   48
 661,    1,   40,    0,   39,   11,   59,   10,   45,   11,   57,    0,   24,   10,   58
 662,   11,   65,    1,   29,    1,   34,    0,   38,   10,   63,   10,   50,   11,   62
 663,   11,   60,   11,   55,   11,   56,   11,   62,    1,   38,   10,   64,   10,   56
 664,    0,   27,    0,   58,   11,   54,    0,   38,   10,   51,   10,   65,    0,   55
 665,   11,   62,    1,   17,   10,   36,   11,   64,    0,   29,    1,   32,   11,   63
 666,    1,   25,    1,   32,    0,   56,    1,   23,    1,   18,    1,   31,   11,   61
 667,    1,   25,    1,   14,   10,   46,   11,   64,    0,   35,    0,   52,   11,   63
 668,   10,   44,   11,   56,    1,   64,   11,   63,    0,   38,   10,   60,    0,   55
 669,   11,   61,    0,   55,    1,   16,    0,   30,    0,   19,    1,   15,    1,   53
 670,    0,   53,    1,   58,   10,   53,   11,   55,    1,   23,    1,   13,   11,   54
 671,   10,   51,   10,   36,    0,   31,   11,   65,    1,   62,   10,   48,   11,   57
 672,    1,   57,   11,   62,    1,   12,    0,   47,    1,   27,   11,   61,    1,   33
 673,    1,   59,    0,   56,    1,   21,    1,   31,   10,   48,   11,   63,   11,   63
 674,    1,   22,   10,   41,    1,   12,   10,   50,    0,   29,    1,   44,    0,   37
 675,   11,   60,   10,   43,   10,   40,    1,   51,    1,   46,   11,   65,    1,   56
 676,    1,   51,   11,   56,   10,   48,    1,   34,    0,   21,    1,   34,    0,   28
 677,   10,   42,   11,   56,    0,   51,    1,   33,   10,   49,    1,   29,   11,   55
 678,   10,   58,   11,   63,    0,   26,    1,   21,   11,   62,    1,   57,    0,   48
 679,    0,   27,    0,   32,    1,   39,    1,   23,    1,   32,    0,   42,    1,   22
 680,    1,   33,    1,   34,   10,   50,    0,   59,   10,   56,    1,   34,    1,   19
 681,   10,   65,    0,   54,   10,   53,   10,   42,   10,   50,   10,   53,   10,   37
 682,   11,   62,    0,   28,   10,   48,   11,   54,   10,   59,    1,   63,    0,   33
 683,    1,   15,   10,   56,   11,   55,    1,   43,   10,   55,    1,   58,   11,   63
 684,    0,   24,    0,   60,    0,   36,   11,   65,   11,   60,    1,   51,   10,   56
 685,   10,   51,    1,   58,    0,   47,   10,   53,    0,   38,    1,   47,    1,   16
 686,    0,   45,   10,   40,    1,   53,    1,   18,   11,   58,    0,   55,   11,   57
 687,   10,   55,   10,   56,    1,   41,    0,   65,    0,   37,    0,   34,    0,   35
 688,    0,   51,    1,   63,   11,   54,   11,   64,   11,   57,   10,   63,   11,   64
 689,   11,   62,   11,   65,   11,   58,    0,   23,   10,   38,   11,   65,   10,   63
 690,   11,   64,    0,   29,    0,   42,    1,   39,    0,   37,    1,   61,   11,   56
 691,    1,   61,    0,   41,    1,   42,    1,   27,    0,   22,    1,   59,    1,   44
 692,   10,   64,   10,   48,    1,   44,    0,   39,    0,   29,    1,   55,   10,   54
 693,   11,   57,   11,   59,   11,   61,   10,   58,    1,   59,   11,   63,   10,   36
 694,    0,   58,    0,   47,    0,   26,    1,   30,   10,   46,    1,   28,   10,   37
 695,    0,   42,    0,   49,   10,   39,    1,   56,    1,   47,    0,   27,   10,   41
 696,   10,   61,   10,   36,   11,   57,    1,   27,    0,   49,   10,   37,    1,   51
 697,   11,   65,    0,   23,    0,   20,   11,   56,    0,   30,   10,   63,   11,   64
 698,   11,   63,    0,   40,    0,   34,    1,   49,   10,   49,    1,   50,   10,   51
 699,    0,   61,   10,   41,    1,   18,    0,   54,    1,   36,   10,   48,    1,   32
 700,    1,   51,    0,   28,   10,   55,   11,   54,    0,   21,   11,   54,    0,   24
 701,    0,   50,    1,   48,   10,   64,    1,   45,   10,   39,    0,   29,    1,   21
 702,    1,   23,    1,   47,   11,   58,    0,   64,    1,   63,    1,   56,    0,   18
 703,    0,   45,    0,   35,    1,   14,   11,   62,   11,   59,   10,   37,    0,   43
 704,    0,   24,   10,   36,   10,   41,    0,   35,   11,   63,   10,   52,    1,   24
 705,    0,   60,   11,   62,    1,   37,   11,   64,   11,   58,    1,   52,    0,   27
 706,    0,   61,   11,   63,    0,   60,   11,   54,   11,   56,    1,   28,    1,   51
 707,    1,   56,    1,   12,   11,   59,   11,   54,    1,   43,   11,   60,   11,   60
 708,    1,   29,   11,   63,    0,   33,    1,   24,   10,   46,    0,   54,    0,   34
 709,   11,   63,    1,   35,    1,   49,   11,   63,    0,   19,    1,   63,   10,   47
 710,   11,   60,   10,   52,    0,   51,    0,   23,   10,   36,    1,   26,    1,   34
 711,    1,   16,   10,   43,   11,   55,   11,   61,    1,   41,   10,   52,   11,   60
 712,    0,   53,    0,   55,    1,   21,    1,   48,   11,   61,   11,   56,   10,   40
 713,   11,   65,    0,   50,    0,   26,   10,   43,    0,   57,    0,   24,   11,   65
 714,   10,   45,   10,   53,   11,   61,   10,   38,   10,   57,    0,   25,    0,   29
 715,   11,   55,    1,   23,   10,   52,   10,   65,    1,   34,    0,   43,    0,   36
 716,   11,   65,   10,   56,   10,   36,   11,   62,   11,   60,   10,   59,    0,   50
 717,   10,   53,    1,   32,   11,   60,    1,   12,    0,   18,    1,   41,    1,   42
 718,   10,   43,   10,   50,    1,   38,   11,   63,    0,   34,    0,   33,    1,   22
 719,   10,   61,   10,   53,    1,   13,    0,   43,   10,   55,   10,   49,   11,   64
 720,   11,   54,   10,   58,    1,   25,   10,   60,   10,   49,   11,   63,   10,   56
 721,   10,   54,    0,   22,    0,   64,    0,   55,    0,   38,   10,   48,   11,   65
 722,    1,   37,   10,   48,   11,   61,   10,   41,    0,   20,    1,   22,    1,   44
 723,   10,   63,   10,   54,    1,   58,   11,   63,   10,   57,   11,   60,    1,   27
 724,   11,   55,    1,   14,   10,   50,    1,   13,    1,   42,   11,   54,    0,   40
 725,   11,   63,   10,   45,   11,   61,    0,   31,    1,   14,   11,   59,   10,   36
 726,    1,   31,   10,   51,   10,   41,   10,   47,   10,   57,    1,   31,   10,   60
 727,   10,   58,   10,   53,   10,   40,   10,   57,    0,   18,   10,   61,    0,   45
 728,   10,   62,    1,   33,   10,   55,    0,   40,    1,   12,   11,   58,   10,   57
 729,    0,   23,   11,   58,    0,   65,   11,   57,    0,   44,    1,   16,   10,   36
 730,   11,   60,    0,   39,    0,   20,    1,   32,    1,   46,   11,   57,    0,   40
 731,    1,   48,    1,   17,   10,   37,   10,   37,   11,   56,    0,   55,    0,   30
 732,   11,   64,    1,   12,    0,   38,    1,   48,    1,   32,    0,   46,   11,   57
 733,    1,   52,   11,   63,    0,   34,   11,   65,   11,   62,    0,   37,   10,   60
 734,   10,   59,    0,   29,   11,   55,   10,   61,    1,   44,   11,   64,    0,   24
 735,   10,   44,    0,   31,   11,   63,   10,   62,   10,   38,    1,   38,    1,   50
 736,    1,   17,    0,   32,   10,   56,    0,   44,   11,   60,    1,   63,   11,   65
 737,   10,   39,    1,   62,   10,   52,   11,   57,   10,   57,   10,   54,    1,   34
 738,    1,   25,   10,   56,    1,   42,    1,   22,   11,   63,   10,   36,   10,   47
 739,   10,   63,    0,   25,   10,   51,    0,   37,   11,   58,   11,   59,   11,   62
 740,   11,   57,   11,   65,   11,   63,   11,   55,   10,   65,   10,   41,    1,   50
 741,   10,   40,   10,   38,   11,   54,   11,   57,   11,   64,   11,   61,   10,   58
 742,    0,   56,   11,   60,    1,   33,   10,   51,    0,   57,    1,   13,   10,   51
 743,   10,   51,   10,   47,    0,   29,    1,   40,    1,   34,    0,   37,    1,   57
 744,   11,   54,   11,   63,    1,   40,   10,   37,   11,   64,   11,   54,    1,   24
 745,   11,   54,    0,   43,   11,   61,    0,   28,    1,   47,    1,   64,    0,   42
 746,   10,   58,   11,   64,    1,   31,    1,   48,    0,   32,   11,   57,    1,   38
 747,   11,   61,    1,   31,   10,   38,   11,   63,   10,   39,    1,   50,    1,   61
 748,   10,   62,    0,   21,    1,   53,    0,   40,    1,   54,    1,   62,   11,   54
 749,    1,   50,   11,   54,   10,   47,    0,   34,    1,   33,   11,   57,   11,   65
 750,    1,   54,   10,   41,   10,   36,   11,   57,    0,   65,   11,   60,   11,   64
 751,   11,   56,   11,   55,    1,   26,   11,   62,    0,   24,   10,   56,    0,   63
 752,    1,   56,    1,   29,   11,   65,    1,   41,    1,   45,    1,   47,   11,   60
 753,   11,   63,    0,   60,   10,   49,    1,   54,    1,   27,   10,   36,    1,   14
 754,    0,   55,   10,   42,   11,   60,    1,   38,    1,   45,   11,   61,    1,   42
 755,   10,   56,   10,   52,    1,   43,    1,   34,    0,   38,   10,   49,   10,   61
 756,   10,   36,   11,   57,    1,   64,   11,   57,    0,   37,    0,   54,    0,   18
 757,    1,   12,   10,   57,    0,   62,    1,   65,   11,   59,    1,   41,   10,   39
 758,    0,   64,    1,   23,   11,   58,   11,   65,   10,   51,   10,   37,   11,   56
 759,    0,   33,   10,   50,   11,   62,    1,   25,   11,   57,   10,   56,   10,   58
 760,    0,   24,    1,   51,    1,   16,    0,   58,   11,   57,    0,   44,    1,   32
 761,   10,   58,   11,   59,   11,   54,   10,   45,    0,   43,    1,   22,   10,   36
 762,    0,   65,    0,   44,    1,   54,    0,   28,    0,   30,    1,   13,   10,   39
 763,   10,   53,    0,   29,    0,   64,   11,   54,   10,   48,   10,   61,    0,   52
 764,   11,   60,   10,   50,   11,   59,   10,   52,    1,   22,    1,   53,    0,   36
 765,    0,   63,    0,   18,   11,   61,    1,   14,    0,   52,   11,   62,    0,   56
 766,   11,   57,    0,   53,    1,   60,   10,   50,   10,   52,   11,   59,   11,   57
 767,    0,   63,    1,   40,    1,   32,   10,   52,   10,   53,   10,   38,   11,   56
 768,    1,   34,    0,   64,    1,   14,    0,   35,    0,   42,   11,   57,   11,   54
 769,   10,   58,   11,   62,   11,   55,    1,   51,   10,   45,   11,   61,    0,   40
 770,   11,   59,    0,   41,   10,   43,   10,   51,   11,   58,   11,   64,   11,   62
 771,   10,   38,   10,   40,    1,   24,    1,   19,   11,   55,   11,   55,   11,   60
 772,    0,   21,   11,   54,   10,   37,   11,   63,    1,   41,    1,   37,   10,   62
 773,   11,   61,    0,   62,   10,   57,    0,   49,    1,   13,    0,   45,   10,   64
 774,   11,   56,    1,   40,    0,   37,    0,   62,    1,   60,    0,   35,   11,   62
 775,   10,   47,   11,   61,    0,   48,   11,   64,    1,   65,    0,   31,    0,   23
 776,   10,   53,    0,   50,   11,   62,    0,   48,   11,   58,   11,   62,    1,   22
 777,    1,   16,   11,   60,   10,   60,    0,   42,   11,   57,   11,   63,   11,   62
 778,   10,   58,   10,   40,   10,   36,    0,   65,   11,   54,   10,   48,    0,   36
 779,   11,   55,   11,   61,    1,   48,   11,   64,   11,   64,   11,   59,   11,   62
 780,    0,   27,    1,   59,   11,   63,   11,   54,    0,   35,    1,   57,    0,   35
 781,    0,   64,    1,   24,    1,   15,    1,   31,    1,   39,    0,   22,   10,   47
 782,    1,   31,   10,   42,    1,   63,    1,   55,    1,   18,    0,   27,   11,   59
 783,   11,   64,   10,   41,    0,   55,    0,   40,    1,   42,    0,   53,   11,   62
 784,    0,   58,    0,   33,    1,   41,    1,   28,    0,   36,   10,   58,   11,   61
 785,   10,   37,   11,   59,    0,   65,    0,   40,   11,   56,    0,   24,   10,   55
 786,   10,   57,   10,   37,   11,   62,   10,   51,   11,   59,   11,   62,    1,   50
 787,   11,   62,   10,   43,    0,   57,    0,   23,    0,   44,   10,   48,   11,   62
 788,    0,   32,   10,   54,    1,   35,   11,   63,   10,   62,   10,   52,   10,   45
 789,   11,   59,   10,   59,   11,   63,    1,   43,    0,   47,   11,   65,   10,   41
 790,    0,   29,   10,   55,   10,   49,    1,   53,   10,   48,   11,   58,    0,   61
 791,    1,   17,   11,   57,   10,   59,   10,   42,    1,   28,    1,   45,    0,   31
 792,   10,   41,   11,   65,   11,   54,   10,   62,    1,   45,   10,   39,   11,   58
 793,    0,   62,   10,   44,   11,   57,   11,   61,    1,   21,    1,   42,    0,   25
 794,   10,   40,    1,   12,   10,   61,   11,   58,   10,   45,    0,   62,    1,   30
 795,    0,   59,   10,   40,   11,   63,   10,   56,    1,   20,   10,   61,    1,   17
 796,   10,   61,   11,   55,   11,   54,   10,   36,    0,   20,   11,   65,   10,   41
 797,    1,   22,    1,   39,   10,   46,    1,   16,    0,   32,   11,   64,   11,   60
 798,    1,   36,    0,   40,    1,   19,    1,   16,   11,   58,   11,   55,   10,   37
 799,   11,   59,    0,   65,    1,   56,    0,   40,   11,   57,    1,   14,    0,   40
 800,    0,   49,    1,   53,   11,   57,   11,   63,    1,   32,    1,   18,   11,   63
 801,   11,   59,    1,   39,   10,   63,   11,   56,    1,   50,    1,   43,   10,   49
 802,   10,   56,    1,   57,   10,   43,   11,   62,   11,   58,   11,   65,    1,   47
 803,    0,   50,   10,   53,    0,   58,   10,   52,    1,   51,    0,   57,   10,   58
 804,   10,   52,    1,   18,   11,   55,    1,   34,   10,   37,   10,   65,    0,   38
 805,   10,   52,    0,   37,    1,   19,    0,   39,    1,   24,   10,   42,    0,   19
 806,    0,   44,   10,   62,   11,   60,   10,   60,    1,   24,    0,   37,   11,   60
 807,    1,   56,    0,   20,   10,   57,   11,   62,    0,   43,    0,   35,   10,   61
 808,    1,   21,    1,   17,   11,   55,   10,   50,   11,   63,    1,   60,    0,   28
 809,   11,   60,    1,   32,    1,   26,    1,   33,    1,   27,   10,   58,    0,   64
 810,    0,   18,   11,   58,    0,   28,   10,   47,    0,   23,   11,   62,   10,   39
 811,    1,   44,   10,   40,   11,   61,    0,   40,   10,   65,    1,   19,    1,   32
 812,   11,   61,    1,   21,    1,   49,   10,   54,   11,   55,   11,   60,   10,   48
 813,   10,   62,   11,   59,    0,   35,   10,   64,   11,   60,    0,   58,   11,   59
 814,   10,   53,   10,   59,    1,   26,    1,   20,   10,   58,    1,   38,   10,   53
 815,    1,   15,    0,   52,    1,   30,    0,   47,    1,   19,   10,   52,    1,   30
 816,   10,   42,    1,   19,   11,   65,    0,   27,    0,   54,    1,   24,    0,   39
 817,    1,   53,    0,   62,    1,   58,    0,   55,   11,   58,   11,   65,    0,   24
 818,   11,   58,    1,   62,   10,   39,   11,   60,    0,   29,   10,   62,    0,   64
 819,    1,   21,    1,   49,    1,   26,   10,   44,    0,   26,    1,   34,   10,   58
 820,    1,   41,   11,   54,    0,   55,    0,   62,   11,   57,    1,   13,   10,   44
 821,   10,   53,    1,   35,   11,   62,    0,   41,   11,   63,   11,   58,    1,   20
 822,    0,   26,   11,   61,    0,   20,   11,   56,    0,   26,    0,   20,   10,   53
 823,    0,   55,   11,   65,    0,   38,   10,   46,   11,   54,    0,   48,    0,   45
 824,    0,   27,   11,   60,   11,   56,    1,   28,    1,   12,   10,   47,   11,   60
 825,    0,   37,   11,   62,   10,   39,   11,   61,   10,   59,   11,   54,    0,   20
 826,   10,   64,    1,   38,   10,   39,   11,   60,   10,   51,    0,   31,    0,   53
 827,    1,   60,    0,   20,    0,   26,   10,   53,   10,   49,    0,   42,    0,   45
 828,    0,   60,    1,   53,    0,   62,    0,   50,   11,   63,   10,   36,   11,   54
 829,   10,   39,   10,   44,    1,   58,    0,   34,    1,   42,   11,   56,   10,   45
 830,    1,   19,    0,   18,    0,   53,   11,   56,    0,   46,   11,   55,    0,   62
 831,    1,   19,    1,   25,   10,   61,    1,   65,    1,   20,    0,   42,   10,   48
 832,    0,   22,   10,   40,   10,   60,    0,   60,    0,   32,    0,   63,   11,   62
 833,   10,   62,    1,   40,    0,   38,    1,   49,   10,   55,   10,   39,    0,   18
 834,    0,   58,    0,   51,    0,   44,   11,   64,    1,   57,    1,   23,    0,   45
 835,    1,   58,    1,   34,    1,   13,    0,   34,   10,   41,    0,   21,    1,   49
 836,    0,   41,   10,   53,   10,   42,   10,   56,   11,   61,   10,   54,   10,   40
 837,   10,   60,   10,   63,   11,   63,   10,   60,   11,   64,    0,   45,    0,   41
 838,   11,   65,   10,   59,    1,   43,   10,   55,    1,   59,    0,   34,    0,   27
 839,   11,   59,   11,   56,    0,   20,    0,   22,   11,   60,   10,   38,   10,   51
 840,   10,   48,    1,   63,   11,   54,    1,   29,    1,   33,    0,   26,    0,   44
 841,   10,   37,    1,   63,   10,   57,   10,   36,   10,   39,   10,   38,    1,   47
 842,    1,   52,   11,   58,    0,   47,    0,   31,   10,   43,   11,   57,    0,   49
 843,    0,   53,   10,   41,    1,   29,   11,   65,   11,   56,   11,   57,    0,   40
 844,    0,   61,    0,   52,    0,   32,   11,   60,   11,   57,    0,   41,   10,   45
 845,    0,   58,   10,   43,    1,   38,   11,   60,   10,   54,    0,   20,   10,   46
 846,   11,   65,   10,   61,    0,   58,   11,   63,    1,   12,    1,   40,   11,   59
 847,   10,   44,   11,   54,   10,   54,   11,   65,    1,   13,   11,   54,    1,   60
 848,   10,   50,   10,   48,    1,   13,   11,   59,    1,   35,    1,   33,   10,   52
 849,    1,   37,    1,   61,    0,   49,    1,   62,    0,   19,    0,   43,   11,   65
 850,   10,   47,   10,   49,    0,   42,    0,   48,    0,   53,   10,   45,    1,   14
 851,   10,   60,    1,   53,   11,   58,   10,   64,   11,   56,   10,   36,   11,   63
 852,   10,   52,   10,   58,   10,   59,   10,   52,   10,   63,   11,   56,    1,   56
 853,   11,   62,    0,   60,   11,   60,    0,   29,   11,   62,    0,   44,   10,   51
 854,   10,   54,    1,   27,   10,   59,    1,   49,   11,   65,    1,   29,   11,   62
 855,   11,   55,   10,   45,    0,   53,    0,   38,    1,   53,    0,   47,    0,   46
 856,    0,   18,   10,   59,    0,   58,    0,   19,    0,   35,   10,   44,   10,   48
 857,    0,   56,    0,   33,    0,   54,   11,   63,   11,   55,   11,   62,    0,   64
 858,    0,   23,   10,   43,    0,   62,   11,   56,    1,   45,   10,   62,   10,   54
 859,   11,   56,    0,   33,   11,   61,    1,   15,    1,   13,    0,   28,    1,   54
 860,    0,   52,   10,   56,    0,   63,    0,   37,    0,   50,    1,   25,    0,   57
 861,    0,   30,   11,   58,   10,   59,   11,   60,    0,   57,   10,   52,    0,   47
 862,   10,   46,   10,   49,    0,   50,   11,   63,    1,   53,   11,   54,    0,   36
 863,   10,   46,    1,   41,    0,   58,   11,   62,   10,   54,   10,   58,    1,   19
 864,    0,   18,   10,   59,    0,   52,    1,   39,    1,   14,   11,   64,    1,   14
 865,   10,   48,   10,   48,    0,   59,    0,   27,   10,   53,   10,   44,    1,   47
 866,   10,   60,   11,   65,   11,   58,    1,   60,    0,   37,   10,   50,   10,   63
 867,    0,   23,    1,   65,   10,   59,   11,   60,   11,   60,   10,   37,    1,   39
 868,    0,   20,   11,   56,   10,   52,   11,   65,    1,   17,    0,   27,    0,   23
 869,   11,   65,    0,   40,   11,   63,    0,   47,    1,   64,   10,   41,   10,   37
 870,    0,   31,   10,   65,    1,   45,   11,   62,    0,   58,   10,   38,   10,   42
 871,    1,   23,    0,   31,    0,   24,   11,   64,   11,   62,   10,   39,   11,   56
 872,    1,   22,    1,   25,   10,   40,   11,   65,   10,   43,    1,   44,   11,   62
 873,   10,   61,   11,   62,    0,   41,   11,   58,    0,   22,   10,   57,    0,   29
 874,   11,   63,    0,   40,    0,   28,   11,   54,   11,   55,   10,   48,    1,   63
 875,   10,   48,   11,   57,    1,   58,    1,   31,    1,   30,   11,   60,   10,   54
 876,   10,   48,    0,   23,    0,   31,    1,   19,   11,   60,    1,   28,   10,   57
 877,    0,   49,   11,   56,    0,   33,   10,   55,   11,   64,   10,   60,   10,   55
 878,   10,   50,    0,   57,    0,   37,    0,   55,   11,   57,   11,   57,   11,   62
 879,   11,   54,   10,   36,    1,   25,    0,   40,   10,   59,   11,   57,    0,   19
 880,    1,   19,   11,   54,    1,   64,   11,   57,    0,   30,   10,   44,   11,   61
 881,    0,   46,    0,   57,    1,   29,    1,   28,    0,   40,    0,   40,   10,   62
 882,   10,   37,    0,   60,    1,   45,   11,   56,   11,   62,    1,   48,    1,   30
 883,    1,   63,   11,   57,    0,   43,   10,   36,    0,   39,    0,   46,   10,   57
 884,   11,   65,   10,   48,   10,   63,   10,   63,   10,   58,    1,   57,   11,   64
 885,   10,   37,   10,   45,    0,   23,   10,   36,    1,   15,    1,   63,   10,   51
 886,    0,   35,   11,   64,   10,   46,   11,   64,   11,   62,   10,   44,   11,   55
 887,    1,   35,    0,   62,    1,   43,   10,   63,    0,   52,   10,   64,    0,   22
 888,    1,   63,    1,   19,    1,   30,    1,   19,    0,   33,    1,   48,   10,   50
 889,    1,   43,   11,   63,    1,   64,   11,   62,    0,   61,   10,   44,   11,   54
 890,   11,   58,    1,   42,   11,   60,    0,   39,    1,   54,    0,   23,   11,   60
 891,   11,   61,    0,   61,    0,   52,    1,   58,   11,   60,   11,   63,   10,   65
 892,   10,   61,   11,   63,   11,   65,   10,   45,    0,   30,   11,   63,    0,   30
 893,    0,   43,    0,   26,    1,   65,    0,   54,   11,   54,   11,   60,    0,   45
 894,   10,   59,   10,   47,   11,   62,    0,   57,   11,   63,    1,   32,   11,   64
 895,   11,   62,    1,   35,   11,   59,    1,   55,   11,   58,   11,   55,    1,   35
 896,    1,   13,   11,   63,    0,   46,    1,   62,    1,   56,   11,   55,   11,   60
 897,    1,   15,    0,   39,   10,   37,   11,   54,    0,   18,    1,   25,   11,   63
 898,   11,   55,   11,   57,   10,   49,    1,   19,   11,   61,    1,   53,   11,   57
 899,    1,   51,    1,   36,    0,   39,   10,   63,    0,   62,    1,   14,   11,   61
 900,    0,   21,   11,   56,   11,   55,    0,   20,   10,   50,   10,   48,    1,   35
 901,    1,   65,   10,   54,   11,   57,    1,   35,    0,   59,   11,   58,    1,   24
 902,   10,   42,   11,   57,    0,   55,    1,   38,   10,   40,   11,   56,   10,   47
 903,   11,   57,    1,   22,   10,   61,    0,   45,   11,   62,   10,   39,    0,   55
 904,    1,   35,   11,   65,    0,   41,    0,   50,    1,   65,   10,   53,   11,   57
 905,    0,   54,   11,   62,    0,   60,   10,   45,   11,   55,    0,   56,   11,   57
 906,   11,   60,   10,   43,    0,   28,    1,   46,   11,   60,    1,   40,    0,   52
 907,   10,   55,   10,   40,   11,   59,    1,   30,    1,   60,    0,   44,    1,   17
 908,   10,   52,    1,   31,   11,   60,   11,   62,   10,   64,   10,   49,    1,   54
 909,   11,   63,   11,   57,   10,   37,    0,   24,   11,   54,   10,   60,   10,   42
 910,   10,   58,    1,   28,   11,   59,    1,   21,    0,   30,    0,   30,   10,   40
 911,   11,   54,   10,   65,    0,   23,    1,   14,   11,   57,    1,   20,   10,   60
 912,    1,   42,    0,   65,   11,   63,   11,   57,    1,   46,    0,   37,    1,   50
 913,    1,   55,   10,   37,    1,   40,    0,   20,   11,   57,   11,   57,   11,   63
 914,   11,   64,   10,   59,    0,   49,   10,   54,    0,   37,   10,   40,    0,   60
 915,    0,   52,    0,   35,    1,   57,   11,   60,    0,   26,   11,   62,   10,   51
 916,    1,   38,    1,   39,    0,   49,    1,   20,    0,   29,   10,   65,    1,   18
 917,    1,   46,    0,   46,    1,   32,   10,   65,   11,   56,   11,   57,   11,   56
 918,   11,   64,    0,   27,   11,   54,    1,   63,   10,   39,   10,   52,    1,   51
 919,   10,   41,   10,   52,    0,   47,    1,   32,    1,   47,   11,   58,    0,   65
 920,   11,   57,    0,   48,   11,   56,   10,   46,    0,   50,    1,   54,    0,   26
 921,    1,   52,   11,   60,   10,   41,    0,   19,    0,   55,   11,   56,    0,   36
 922,   11,   60,   11,   54,    1,   13,    1,   64,    1,   17,    0,   59,    0,   65
 923,    0,   28,    1,   15,   11,   62,    1,   20,   11,   62,    1,   12,    0,   41
 924,   10,   44,   11,   56,    0,   48,    1,   61,   11,   59,    1,   28,   10,   46
 925,   11,   60,    0,   40,    1,   39,    1,   40,   10,   60,    1,   49,    1,   54
 926,    0,   45,    0,   62,    1,   42,    0,   50,   10,   42,    1,   22,    1,   43
 927,    0,   42,   11,   56,   11,   59,   10,   49,   11,   63,   11,   63,    1,   29
 928,   11,   59,    1,   27,    0,   49,   10,   54,    0,   46,   10,   62,    0,   59
 929,    1,   41,    1,   43,    1,   13,    0,   56,   10,   44,   10,   62,   11,   65
 930,   10,   51,    1,   51,    1,   44,   10,   49,   11,   54,    0,   51,    1,   26
 931,   10,   45,    1,   20,   11,   56,   10,   49,   11,   56,   10,   48,    0,   39
 932,    0,   34,    1,   40,   10,   58,   11,   56,   11,   65,    0,   35,   11,   58
 933,   10,   44,   11,   63,    1,   35,   11,   56,   10,   52,   10,   40,    0,   31
 934,    1,   43,    1,   53,   11,   62,   10,   48,   10,   47,   10,   43,    1,   47
 935,   10,   55,   11,   64,   11,   58,   10,   48,   10,   48,   11,   62,   10,   63
 936,   10,   51,    1,   15,    1,   50,   11,   54,   10,   64,    0,   37,   10,   57
 937,    1,   33,   10,   37,    1,   22,   10,   55,    1,   12,   11,   54,   11,   54
 938,   11,   60,    0,   29,   11,   55,    1,   40,    1,   27,    1,   37,    1,   18
 939,   10,   62,   11,   61,   10,   57,    0,   32,   10,   59,    0,   23,   10,   51
 940,   10,   50,   11,   55,    0,   46,   11,   60,    1,   30,    1,   23,   11,   63
 941,   11,   58,    1,   23,    0,   40,   10,   64,   11,   56,   11,   56,    0,   45
 942,   11,   58,   10,   56,    1,   14,   10,   54,   10,   57,   10,   40,   10,   42
 943,   10,   54,    1,   59,    1,   65,   10,   63,   10,   53,   11,   57,   11,   65
 944,    0,   22,   11,   56,    0,   47,   10,   58,   11,   54,    1,   28,   11,   61
 945,    1,   34,    1,   30,   10,   51,   10,   49,    0,   18,   11,   63,   11,   54
 946,    1,   27,    1,   38,   11,   59,   11,   60,    1,   20,    0,   42,   11,   64
 947,    1,   46,    0,   21,    1,   61,   11,   60,   10,   62,   10,   38,   11,   61
 948,    1,   12,    1,   49,    0,   53,    0,   37,   10,   37,    0,   59,   11,   55
 949,   11,   61,   11,   65,   10,   62,    0,   49,   11,   56,   11,   62,    0,   34
 950,    0,   53,    1,   58,   10,   38,    1,   43,   11,   55,   10,   51,   10,   38
 951,    0,   53,   10,   51,    0,   18,    1,   23,   10,   63,   10,   54,    1,   28
 952,   11,   54,    0,   42,   11,   54,    0,   31,    1,   13,    1,   43,   10,   46
 953,   10,   39,    0,   31,   11,   59,    1,   52,   11,   55,   11,   63,    1,   22
 954,    1,   57,    0,   26,   11,   61,   10,   50,    1,   64,    0,   50,    1,   12
 955,   10,   57,   11,   60,    0,   33,   10,   53,   11,   65,   10,   40,   10,   39
 956,    1,   15,   11,   60,   10,   37,    0,   27,    1,   20,    0,   44,    0,   64
 957,   11,   65,   11,   57,   11,   56,    0,   33,   10,   39,   11,   54,   11,   62
 958,   10,   58,   10,   56,    0,   32,   10,   54,   10,   57,   10,   45,   11,   65
 959,    1,   36,    1,   16,   10,   60,    0,   43,   10,   39,    1,   17,    1,   44
 960,   10,   65,   10,   63,   10,   61,    1,   23,    1,   55,    1,   13,   11,   54
 961,    1,   39,   10,   48,   11,   65,    1,   24,    1,   31,    1,   25,    0,   32
 962,    1,   20,   10,   58,    1,   20,   10,   44,    1,   36,    1,   57,    0,   34
 963,    0,   65,   11,   59,    0,   37,    0,   20,    0,   31,    0,   33,   11,   65
 964,    0,   52,    0,   36,   11,   58,   10,   56,   11,   60,    0,   30,   10,   46
 965,   10,   57,    1,   24,   10,   48,   10,   47,    1,   57,   11,   59,    1,   36
 966,   10,   43,   10,   49,    1,   33,    0,   18,    1,   63,   10,   40,   10,   48
 967,    0,   39,   11,   65,    1,   49,   11,   61,    0,   19,   11,   57,    0,   49
 968,   10,   52,   10,   42,   10,   36,    1,   12,   10,   43,   11,   64,    0,   49
 969,   11,   62,    0,   48,    0,   25,   10,   56,    0,   45,   11,   61,   10,   42
 970,   10,   40,   11,   56,   11,   54,   10,   45,    1,   44,    0,   64,    0,   44
 971,   10,   45,   11,   63,    0,   39,   10,   36,   11,   62,    1,   54,    1,   35
 972,   11,   57,   11,   62,    0,   32,    0,   47,    1,   61,    0,   29,   11,   61
 973,    1,   12,   11,   58,   10,   45,    0,   60,    1,   50,   11,   58,   10,   38
 974,    0,   47,   11,   65,   11,   60,    1,   50,   10,   61,   11,   62,    1,   38
 975,   10,   57,    0,   20,    0,   27,    1,   14,   10,   45,    0,   51,   11,   61
 976,   11,   63,    1,   51,    1,   64,    0,   44,   10,   56,    0,   38,    0,   18
 977,   11,   55,    1,   50,   10,   48,   11,   64,    0,   60,    0,   22,    0,   34
 978,    1,   12,    0,   43,    1,   59,    1,   17,    0,   39,   11,   57,    0,   31
 979,    0,   61,    0,   21,   11,   56,   10,   45,    1,   65,   10,   43,   10,   55
 980,   11,   54,    0,   64,    1,   53,    1,   46,    0,   52,   11,   55,    0,   41
 981,   10,   58,    1,   27,   10,   61,    1,   21,   11,   61,   11,   65,    0,   56
 982,   10,   60,    0,   57,   11,   56,    1,   51,    0,   34,    0,   44,    1,   42
 983,    0,   43,   11,   64,    0,   20,   11,   59,    1,   14,   11,   55,   10,   60
 984,   11,   54,    0,   43,   11,   59,    1,   14,    1,   30,    1,   32,    0,   40
 985,   10,   44,   10,   56,    1,   21,    0,   48,    0,   64,   10,   54,    1,   43
 986,    0,   46,    1,   60,   11,   63,   11,   63,   11,   55,   11,   64,   10,   62
 987,   11,   54,   11,   59,   10,   45,   10,   53,    0,   42,    0,   49,    0,   35
 988,   10,   64,    0,   25,    1,   28,   10,   60,    0,   50,   11,   64,    1,   26
 989,   10,   47,   10,   56,    1,   52,   11,   62,    1,   37,   11,   60,    0,   42
 990,    1,   60,   10,   41,    0,   62,    0,   49,    1,   31,   10,   48,    0,   31
 991,    1,   43,   11,   59,   11,   58,    1,   55,    1,   65,   10,   55,   10,   46
 992,   10,   46,    0,   24,    1,   46,    1,   30,    0,   51,    0,   65,    1,   58
 993,   10,   54,   10,   52,   11,   55,    0,   22,   10,   41,   10,   60,    1,   51
 994,    0,   58,   11,   54,    1,   40,    1,   16,   10,   57,   11,   55,   11,   63
 995,    0,   46,   11,   61,    0,   55,    0,   48,    1,   63,    1,   21,    1,   56
 996,    1,   64,   10,   57,    0,   61,   11,   65,   11,   63,    1,   39,   11,   54
 997,   11,   61,   10,   61,    0,   61,    1,   12,   11,   56,   11,   56,    0,   44
 998,    0,   27,   11,   60,   11,   64,    1,   65,    1,   58,   10,   36,   10,   48
 999,    0,   62,   10,   62,   11,   64,   11,   54,    0,   31,    1,   25,   11,   56
