nExp,  A0x,  A0y,  A1x,  A1y,  A2x,  A2y,  A3x,  A3y,  A4x,  A4y 
   0,   11,   63,    1,   25,   10,   48,   11,   57,    1,   43
   1,   11,   60,    1,   52,   10,   43,   11,   65,   11,   64
   2,    1,   51,   11,   62,    1,   17,    1,   44,   11,   65
   3,    1,   58,    1,   55,   10,   36,   10,   47,   11,   62
   4,    0,   41,   11,   56,    1,   59,    0,   45,    0,   64
   5,   11,   59,    0,   33,   10,   63,    0,   44,   10,   52
   6,   11,   60,   11,   61,   10,   49,   10,   47,   10,   44
   7,    0,   26,   10,   55,    1,   16,   11,   64,   11,   64
   8,   11,   65,   10,   47,   10,   44,   11,   64,   11,   61
   9,   11,   60,    1,   47,   11,   65,   11,   54,   10,   50
  10,   10,   61,    0,   53,    0,   28,   11,   57,   11,   55
  11,    0,   51,    0,   45,   11,   60,   10,   36,   10,   54
  12,   10,   47,    1,   64,    0,   19,   11,   56,    0,   28
  13,   11,   65,    0,   38,    0,   30,    0,   49,    1,   21
  14,   10,   37,    0,   65,    0,   35,   10,   61,   11,   56
  15,   10,   64,    0,   50,   11,   58,    1,   44,    1,   21
  16,    1,   34,   10,   51,    1,   31,   11,   57,   10,   36
  17,   10,   46,    0,   31,    0,   63,    1,   27,    1,   63
  18,   10,   54,   10,   47,    1,   47,    0,   27,    1,   24
  19,   10,   47,   11,   60,    1,   33,   10,   48,   10,   37
  20,    1,   25,    0,   43,    1,   42,   11,   64,    1,   28
  21,    1,   55,   11,   63,    0,   65,   10,   38,   10,   65
  22,    1,   48,    1,   23,   10,   36,   11,   60,    0,   23
  23,   10,   62,    1,   64,    0,   58,    1,   16,    1,   36
  24,   11,   64,    0,   43,   10,   46,   11,   57,    0,   19
  25,   10,   52,   11,   65,   11,   54,   10,   57,   10,   57
  26,   11,   61,    1,   41,    0,   46,    0,   25,    1,   54
  27,   10,   46,   10,   37,    0,   65,    1,   33,   10,   44
  28,    1,   24,    0,   26,   10,   38,    1,   29,    1,   17
  29,   11,   59,   11,   65,    1,   37,   10,   48,    1,   51
  30,   11,   65,   10,   47,   11,   61,    0,   22,   10,   37
  31,    0,   36,   10,   49,    1,   43,   10,   48,    1,   65
  32,    1,   53,    1,   31,    0,   59,   10,   63,    1,   48
  33,    0,   37,    0,   20,   11,   56,    0,   27,    1,   41
  34,    0,   65,   11,   55,    1,   48,   11,   59,   11,   57
  35,    1,   38,   10,   42,   10,   42,    1,   63,   11,   63
  36,    0,   25,    1,   54,   11,   60,   10,   60,    0,   22
  37,   11,   54,    0,   19,    0,   58,    1,   20,    0,   49
  38,   11,   60,   11,   60,   10,   56,   11,   63,   11,   62
  39,   11,   56,   10,   53,   11,   59,   11,   58,   10,   61
  40,   11,   61,    0,   26,   10,   43,    0,   59,   11,   57
  41,    1,   55,    0,   48,    0,   31,   11,   54,    0,   38
  42,    1,   58,   10,   56,    0,   65,    1,   45,    1,   14
  43,    1,   20,    0,   47,   10,   39,   10,   46,    1,   53
  44,    1,   59,   10,   50,   10,   46,    0,   50,   10,   59
  45,    0,   61,   11,   65,   11,   62,   11,   60,   11,   56
  46,   11,   59,   11,   59,   11,   54,    0,   62,    1,   60
  47,   11,   61,   10,   42,    0,   57,   11,   63,   10,   48
  48,    1,   18,    1,   42,   11,   65,    1,   17,   11,   62
  49,    0,   39,   10,   36,   11,   65,   10,   38,    0,   35
  50,    0,   34,    0,   64,   11,   54,   11,   56,    0,   50
  51,   11,   55,    0,   35,    0,   47,   11,   56,    0,   34
  52,   11,   55,   11,   58,    1,   27,   11,   65,   10,   41
  53,   11,   55,   10,   40,   11,   65,   11,   57,    0,   54
  54,    1,   34,    0,   24,    0,   21,    0,   38,   10,   58
  55,    0,   38,   10,   38,    1,   31,   11,   54,    1,   34
  56,   10,   45,    0,   32,    1,   63,   11,   57,   10,   56
  57,   11,   59,    1,   53,    1,   25,    1,   62,    0,   40
  58,   10,   50,    0,   18,   10,   54,    0,   32,   11,   61
  59,   10,   40,   10,   50,   10,   58,    0,   54,    1,   65
  60,    0,   60,    0,   30,   10,   53,    1,   17,    1,   27
  61,   11,   64,   10,   37,   11,   57,    1,   40,    0,   62
  62,    0,   37,    1,   40,   10,   54,   10,   48,   10,   48
  63,   11,   63,    1,   32,   10,   40,   10,   47,   10,   40
  64,   10,   46,    1,   34,    1,   49,    1,   47,    0,   32
  65,   10,   37,   10,   36,    1,   59,    0,   43,    0,   59
  66,   10,   58,   10,   36,    0,   47,   11,   64,   10,   57
  67,    0,   54,    1,   17,    1,   29,    0,   38,   11,   59
  68,    1,   50,   10,   39,   11,   59,   11,   58,   11,   58
  69,    0,   27,   11,   61,    0,   36,    0,   22,    0,   20
  70,   10,   41,   10,   54,   10,   51,    1,   59,    1,   36
  71,   10,   51,   11,   65,   11,   65,   10,   50,   10,   42
  72,    1,   14,    0,   18,   10,   40,   11,   62,   11,   58
  73,   11,   59,    1,   17,   11,   63,    1,   36,    1,   13
  74,    0,   35,    0,   43,    0,   27,   10,   58,    1,   58
  75,    1,   30,   10,   37,   11,   54,    1,   51,    0,   56
  76,   11,   59,    0,   21,    0,   54,    1,   61,    1,   16
  77,    1,   52,   11,   54,    0,   41,    0,   59,   11,   57
  78,    1,   42,    1,   41,    0,   32,    1,   44,   10,   43
  79,    0,   23,   11,   55,   10,   43,    1,   51,   10,   58
  80,   10,   61,    0,   48,    0,   53,    1,   48,   10,   55
  81,    0,   57,    0,   42,   10,   43,   10,   44,    0,   56
  82,   10,   45,   10,   36,    0,   36,   11,   60,    0,   54
  83,   11,   63,   10,   56,    0,   53,   11,   63,    1,   43
  84,   10,   63,    0,   58,   10,   46,    1,   12,    0,   49
  85,   10,   50,   11,   59,    1,   57,    1,   44,   10,   60
  86,   11,   58,    0,   19,   10,   64,    1,   35,   10,   55
  87,    1,   48,    1,   31,   10,   57,    0,   19,   10,   36
  88,    0,   28,   10,   37,    0,   64,    1,   60,    0,   38
  89,    1,   21,    1,   65,   10,   47,    1,   26,   10,   58
  90,   10,   49,    0,   62,    1,   33,    0,   24,   11,   60
  91,   10,   40,    1,   57,   11,   56,    0,   56,    0,   55
  92,   10,   41,    0,   62,   10,   54,    1,   20,   10,   43
  93,   11,   62,    0,   62,    0,   22,    1,   20,    0,   35
  94,   10,   48,    1,   38,    1,   28,   11,   60,   11,   63
  95,   10,   43,   10,   49,   10,   48,    1,   13,   10,   37
  96,   10,   53,   11,   57,   10,   42,   10,   46,   11,   65
  97,    0,   45,    1,   64,   11,   61,   10,   56,    1,   61
  98,   11,   57,   10,   36,   11,   60,   11,   58,   10,   45
  99,   11,   61,   11,   54,    0,   20,    0,   62,   11,   59
 100,   11,   63,   11,   62,    0,   44,    1,   63,    0,   26
 101,   10,   40,    0,   42,   11,   61,   11,   57,    1,   35
 102,   11,   62,   11,   60,   10,   65,    0,   55,   11,   64
 103,   11,   55,   10,   63,   10,   46,   11,   60,    1,   45
 104,   11,   56,    0,   43,   11,   62,   10,   54,    1,   51
 105,    0,   60,    1,   63,   11,   54,    1,   52,    1,   39
 106,   11,   62,   11,   55,   11,   65,   10,   64,    1,   59
 107,   11,   61,    0,   19,    0,   30,   11,   58,   11,   61
 108,    1,   59,    0,   40,   11,   55,   10,   45,    0,   40
 109,   10,   37,   10,   46,    0,   27,    0,   43,    0,   62
 110,   11,   65,    1,   60,   11,   63,    1,   48,   10,   48
 111,    1,   15,    0,   24,    1,   46,   11,   54,   11,   54
 112,   10,   58,   10,   64,    1,   43,    0,   44,   11,   56
 113,    1,   49,    1,   25,   11,   65,    0,   61,   10,   37
 114,   10,   55,    0,   54,   11,   54,   10,   49,    0,   40
 115,    0,   34,   10,   50,   10,   52,   11,   58,   11,   54
 116,    1,   31,    1,   57,   10,   65,   11,   55,    1,   13
 117,   10,   36,   11,   56,    1,   15,    1,   33,    0,   54
 118,   10,   46,   11,   54,    0,   35,   11,   63,   10,   52
 119,   11,   58,    0,   56,    0,   36,    1,   18,    1,   21
 120,   10,   55,    0,   39,   10,   62,    1,   16,    0,   59
 121,   11,   64,    1,   46,    0,   57,    1,   63,    1,   13
 122,   11,   61,    1,   13,    1,   20,   10,   40,    0,   62
 123,   10,   43,   11,   61,   11,   59,   11,   62,    0,   29
 124,    1,   21,    0,   28,   11,   59,   11,   55,   10,   36
 125,   11,   54,    1,   55,   11,   54,   11,   60,    0,   55
 126,    0,   47,   11,   62,    1,   13,    1,   61,    1,   25
 127,    0,   42,   10,   38,    1,   47,   11,   59,    1,   37
 128,    0,   36,   10,   47,   10,   61,   11,   64,    1,   13
 129,   10,   50,    0,   19,    1,   55,   11,   55,   11,   54
 130,   10,   36,    1,   58,    1,   61,   10,   54,    0,   34
 131,    1,   43,   11,   57,   10,   64,    1,   45,   11,   61
 132,   11,   56,   11,   56,   10,   44,   10,   44,    1,   48
 133,    1,   51,    1,   19,   10,   40,    1,   33,    0,   52
 134,   10,   59,   10,   52,    0,   27,    0,   43,   11,   58
 135,   11,   62,   10,   46,    0,   64,   11,   58,   11,   64
 136,    1,   39,    1,   49,   11,   65,   10,   45,   11,   65
 137,    1,   63,   10,   64,   11,   63,   10,   40,    0,   46
 138,   10,   64,   10,   56,   10,   42,   10,   65,    0,   51
 139,   10,   47,   11,   54,   11,   63,    1,   17,    1,   43
 140,    1,   38,   11,   65,   10,   60,    0,   59,   11,   56
 141,   11,   64,   11,   60,   10,   42,   10,   48,    0,   24
 142,    1,   59,   10,   63,   11,   55,   10,   46,   10,   49
 143,    1,   17,   11,   59,   10,   50,    0,   43,    0,   58
 144,   11,   55,    0,   21,    1,   63,   10,   43,    0,   23
 145,    0,   56,    0,   59,   11,   55,   10,   36,   11,   60
 146,   11,   59,   10,   63,   10,   62,    1,   17,    0,   28
 147,   11,   57,    0,   41,   11,   60,    1,   16,   10,   42
 148,    1,   32,   11,   56,   11,   62,    1,   59,    1,   32
 149,    0,   55,    1,   39,    1,   47,    1,   61,    1,   31
 150,    1,   53,   11,   64,    1,   27,    1,   30,    0,   26
 151,   11,   59,    0,   36,    1,   39,   11,   65,   10,   54
 152,   10,   51,    1,   28,   10,   38,    1,   60,    0,   64
 153,   11,   60,    0,   22,    0,   33,    0,   56,    1,   24
 154,    0,   36,    0,   23,   10,   64,    0,   53,    0,   18
 155,   11,   64,    0,   26,    0,   62,    1,   55,    1,   32
 156,   11,   61,    1,   43,   10,   60,   10,   55,   10,   38
 157,   11,   62,    1,   49,   10,   55,    1,   42,   10,   42
 158,   10,   39,    0,   61,    0,   60,    1,   36,    1,   34
 159,    1,   42,    1,   56,    0,   29,    1,   62,    0,   52
 160,    0,   37,   11,   59,    1,   25,    1,   24,    1,   47
 161,   10,   63,   11,   60,    0,   32,   10,   56,   11,   55
 162,    0,   59,   11,   63,    1,   48,    1,   22,    1,   54
 163,   11,   65,   11,   62,   10,   57,    0,   62,   10,   53
 164,    1,   46,   10,   62,   10,   42,    1,   25,   11,   64
 165,   10,   41,    0,   24,    1,   48,    0,   50,   11,   63
 166,    1,   46,   11,   64,    1,   49,    0,   44,    1,   35
 167,    1,   47,   11,   59,    0,   54,   11,   65,    1,   37
 168,   10,   62,   10,   36,    0,   58,   10,   62,    1,   23
 169,    0,   65,    0,   48,    1,   32,   10,   38,   11,   59
 170,    0,   38,   11,   57,   10,   59,    0,   64,    0,   59
 171,   10,   40,    1,   44,    1,   57,    0,   36,   10,   46
 172,   11,   57,    0,   25,   10,   52,    0,   65,    1,   29
 173,   10,   36,    1,   47,   11,   63,   11,   55,    1,   13
 174,    1,   32,    1,   32,   11,   56,   11,   60,    1,   41
 175,    0,   41,    0,   59,    1,   30,   11,   61,    1,   54
 176,    0,   45,   10,   61,   10,   50,   10,   59,    1,   42
 177,   10,   65,   10,   64,    1,   44,   10,   46,    1,   64
 178,    1,   65,   11,   56,   11,   65,    1,   47,   11,   54
 179,   11,   57,   10,   64,    0,   47,    1,   18,   10,   65
 180,   10,   46,    1,   34,   10,   48,    0,   65,   11,   56
 181,    0,   38,   10,   36,   11,   61,    1,   59,   10,   45
 182,   10,   65,    0,   52,   11,   62,    0,   46,   11,   59
 183,   10,   43,    1,   55,    1,   36,    0,   35,   10,   42
 184,   11,   58,    0,   32,   11,   64,   11,   54,   11,   60
 185,    0,   29,    1,   33,    1,   62,    0,   52,   11,   58
 186,    0,   28,    1,   19,   10,   43,    0,   29,   11,   59
 187,   11,   65,    0,   44,   11,   60,    0,   29,   11,   57
 188,   11,   63,   10,   57,   11,   64,    0,   26,   10,   42
 189,   10,   50,    0,   22,    0,   57,    0,   64,   11,   62
 190,    1,   26,    1,   30,    1,   51,   11,   55,    0,   28
 191,    0,   59,   10,   38,    1,   36,   11,   63,    0,   48
 192,   10,   36,    0,   50,    1,   64,   10,   56,    0,   41
 193,   10,   61,    0,   37,    1,   35,    1,   27,   11,   64
 194,    1,   46,    1,   43,   10,   51,   10,   58,   11,   56
 195,    0,   42,   10,   60,   10,   63,   11,   60,   11,   59
 196,    1,   35,    1,   47,    0,   53,   11,   59,    0,   27
 197,    0,   30,   11,   54,   11,   65,    0,   26,   11,   58
 198,   11,   54,   11,   54,   10,   63,   11,   57,   11,   58
 199,    1,   31,    1,   43,   11,   62,   11,   54,   10,   46
 200,    0,   62,    0,   26,    0,   49,   10,   51,   10,   64
 201,   11,   64,    0,   61,    0,   49,   11,   60,    1,   29
 202,   11,   65,   10,   57,    1,   19,   11,   61,    1,   64
 203,   10,   45,   11,   54,   11,   55,    0,   30,   10,   54
 204,    1,   20,   11,   63,   10,   60,   11,   55,   11,   64
 205,   10,   50,   10,   39,   11,   57,   11,   61,   10,   52
 206,    0,   19,    0,   55,    0,   23,    1,   64,   11,   57
 207,   11,   55,    1,   43,   11,   54,    1,   61,    0,   46
 208,    1,   42,   10,   48,   11,   65,   11,   54,   11,   64
 209,    0,   63,    0,   27,   11,   63,   10,   44,    1,   33
 210,    0,   48,    0,   55,    0,   18,    1,   53,   11,   60
 211,   11,   55,    1,   51,    1,   19,   10,   37,    1,   25
 212,    1,   38,   10,   38,    1,   32,    1,   37,    1,   15
 213,    0,   48,   11,   60,    0,   21,    0,   36,   10,   55
 214,   10,   52,    1,   47,   10,   48,   11,   62,   11,   59
 215,    1,   53,    0,   36,   11,   58,   10,   43,    0,   23
 216,    1,   45,   10,   51,    0,   19,    1,   62,    0,   30
 217,    1,   61,   11,   54,   10,   43,   10,   58,   11,   62
 218,   11,   63,    0,   20,   10,   51,   11,   55,    1,   27
 219,   11,   59,   11,   62,   11,   61,   11,   56,    1,   43
 220,   11,   60,   11,   61,   10,   47,    1,   27,    0,   64
 221,   10,   61,   11,   65,    0,   34,   10,   45,    0,   54
 222,   10,   52,   10,   39,   11,   59,   10,   54,   10,   57
 223,    0,   41,    0,   36,   10,   46,    1,   51,    0,   63
 224,   10,   40,   10,   38,   10,   56,    1,   28,   10,   64
 225,   11,   58,   11,   55,    0,   65,   11,   61,   10,   45
 226,   11,   64,    1,   23,   10,   57,   11,   63,    0,   65
 227,   11,   60,    1,   51,   10,   38,   10,   36,   11,   63
 228,   10,   38,   10,   47,    0,   60,   11,   65,   10,   61
 229,    0,   32,   11,   61,    0,   24,    0,   41,    1,   51
 230,    1,   16,   11,   61,   11,   56,   11,   54,   10,   50
 231,    0,   57,    1,   60,   10,   61,   11,   63,   10,   36
 232,    0,   27,   10,   36,    0,   41,    0,   33,    0,   26
 233,    1,   59,    0,   49,   10,   56,    0,   34,    1,   41
 234,   11,   56,   10,   37,    1,   63,   11,   55,   11,   62
 235,   11,   59,    1,   60,   10,   58,    0,   21,    1,   29
 236,   10,   46,   11,   62,    1,   18,   10,   52,    0,   19
 237,   10,   51,   10,   48,    1,   33,    0,   43,    0,   50
 238,   10,   41,    0,   29,   10,   48,   11,   60,   10,   42
 239,    0,   62,    0,   24,    0,   45,   10,   48,    1,   46
 240,    1,   55,   10,   54,    0,   34,   11,   56,   10,   65
 241,    1,   39,    0,   18,    0,   40,   10,   61,    1,   29
 242,   10,   55,   10,   62,    0,   23,    1,   45,   10,   42
 243,    0,   62,    0,   18,    1,   39,   10,   58,    0,   42
 244,    1,   51,    1,   55,    0,   65,   10,   48,   10,   47
 245,    0,   39,    1,   47,   10,   60,    1,   20,    0,   45
 246,    1,   23,   11,   55,   11,   60,   11,   64,    1,   37
 247,    0,   35,   11,   55,    0,   20,   11,   62,   10,   49
 248,    1,   43,   10,   59,    0,   48,   10,   53,   10,   51
 249,   11,   61,   10,   36,    0,   46,   11,   55,   10,   40
 250,   11,   63,   10,   38,    1,   26,    1,   54,   10,   65
 251,   10,   40,   11,   54,    1,   46,    1,   13,    1,   25
 252,   11,   61,    0,   59,    0,   33,   11,   63,    1,   40
 253,   11,   62,   10,   55,   11,   65,    1,   36,   10,   43
 254,   10,   63,    1,   31,    1,   32,   10,   37,   11,   57
 255,   10,   48,   10,   53,   10,   40,    0,   23,    1,   25
 256,    1,   37,   10,   39,    1,   63,    0,   18,    1,   50
 257,   11,   55,    0,   32,   10,   63,    1,   54,    0,   48
 258,    0,   54,   11,   59,   10,   46,   11,   58,   10,   65
 259,   10,   49,    0,   63,   10,   57,   10,   43,   10,   38
 260,    0,   58,   10,   45,   10,   52,   10,   36,    0,   22
 261,   11,   59,    0,   35,   10,   49,   10,   64,    1,   17
 262,    0,   52,    1,   18,   11,   64,    0,   47,   10,   43
 263,   11,   62,    1,   20,    1,   56,    0,   51,   10,   52
 264,    0,   23,    1,   46,    1,   25,    1,   37,   10,   52
 265,    1,   34,   11,   61,   11,   61,    1,   39,    1,   58
 266,   10,   62,   10,   43,    1,   20,   11,   64,    1,   13
 267,    1,   54,   10,   56,    0,   22,   10,   60,    0,   57
 268,   11,   61,   10,   36,    1,   37,   11,   59,    0,   45
 269,    0,   65,   10,   57,   10,   64,    1,   27,    0,   19
 270,    1,   52,   10,   36,   10,   60,   11,   63,    1,   50
 271,   10,   37,    0,   34,   10,   47,   10,   58,   11,   57
 272,   11,   60,   10,   55,   10,   40,   10,   48,   11,   62
 273,   11,   65,   11,   61,   10,   50,    1,   34,   11,   61
 274,    0,   19,    1,   35,    0,   28,    1,   32,   10,   40
 275,   11,   59,    0,   22,   11,   54,   10,   41,   10,   65
 276,   11,   59,    1,   27,    1,   63,    0,   40,   11,   55
 277,    0,   57,    1,   55,    1,   13,   11,   57,    1,   15
 278,   10,   60,    0,   62,   10,   52,    0,   60,    1,   14
 279,   11,   58,    1,   15,    0,   20,   11,   64,    1,   16
 280,    0,   63,   10,   59,    0,   21,   11,   55,   11,   65
 281,    1,   18,   10,   49,   10,   62,   10,   40,    1,   57
 282,   10,   38,   10,   37,   11,   56,   10,   65,   11,   60
 283,    1,   49,   10,   63,    0,   51,    0,   37,   11,   58
 284,    1,   31,    1,   12,    0,   53,   10,   55,    0,   23
 285,    1,   38,    0,   64,   11,   64,    0,   49,   11,   57
 286,   11,   55,   11,   55,    1,   22,    0,   50,    0,   56
 287,   11,   65,   11,   65,   10,   36,    1,   33,   11,   59
 288,    1,   55,   11,   54,   11,   62,   11,   61,    0,   50
 289,    0,   65,   11,   64,   10,   43,   11,   63,   10,   41
 290,    0,   45,   10,   48,   11,   62,    1,   13,   10,   45
 291,   11,   56,   10,   41,   11,   61,   11,   64,    1,   41
 292,    1,   45,    1,   56,    1,   53,    0,   35,    1,   60
 293,   10,   58,   10,   63,   10,   54,   11,   63,    0,   59
 294,    0,   53,    1,   33,    0,   38,   11,   63,   10,   55
 295,    0,   21,   11,   64,    0,   61,   10,   38,    0,   26
 296,    1,   60,    1,   41,    1,   37,    1,   29,    1,   27
 297,   10,   36,   11,   60,   10,   48,   10,   58,   10,   64
 298,    1,   16,   11,   62,    0,   41,   11,   65,    1,   37
 299,    1,   52,   10,   50,    0,   46,    0,   35,    1,   15
 300,    0,   55,    1,   18,   11,   57,    1,   49,    0,   55
 301,   11,   59,   10,   57,   11,   63,    1,   39,    1,   40
 302,   11,   55,   11,   60,    0,   62,    0,   19,    1,   42
 303,    0,   48,   10,   52,    0,   35,    0,   40,    1,   29
 304,   11,   61,    0,   49,   11,   58,   11,   61,    1,   33
 305,    0,   38,    1,   38,   10,   62,    0,   56,   11,   61
 306,    0,   21,    0,   33,    1,   55,    1,   20,   11,   62
 307,   11,   59,    0,   46,    1,   29,    0,   33,    1,   31
 308,   10,   39,    1,   52,    1,   58,   11,   56,   10,   55
 309,    0,   44,    1,   24,   10,   62,   11,   55,    1,   16
 310,    1,   47,   10,   37,    0,   48,   11,   61,    0,   21
 311,   10,   42,   10,   45,   11,   64,   10,   57,   11,   61
 312,   10,   48,   11,   56,    0,   52,    0,   42,   11,   58
 313,   10,   62,   10,   38,   10,   59,   11,   59,    0,   34
 314,    1,   62,    0,   61,    1,   17,   11,   55,    0,   29
 315,   10,   55,   11,   61,   10,   50,   10,   55,    1,   27
 316,   10,   54,    0,   27,   10,   60,    1,   21,    0,   43
 317,   10,   54,   10,   55,   11,   57,   11,   56,    1,   38
 318,   10,   58,    0,   53,   11,   54,   10,   36,    0,   59
 319,    0,   61,   10,   58,   10,   58,   10,   62,    1,   32
 320,   10,   51,   10,   47,    1,   33,    0,   53,   10,   62
 321,   10,   48,   11,   54,   10,   63,   11,   57,    1,   27
 322,   11,   58,    1,   29,    1,   58,    1,   40,    1,   30
 323,    1,   60,    1,   49,    0,   61,    1,   28,    1,   51
 324,   11,   63,    0,   64,    1,   63,    0,   63,    0,   59
 325,    1,   57,    0,   59,   10,   39,   11,   59,    0,   58
 326,    0,   19,   10,   38,   10,   38,   11,   55,   10,   55
 327,    1,   17,    1,   30,   11,   56,    0,   46,    1,   27
 328,    0,   58,    0,   61,   11,   55,   11,   57,   11,   57
 329,    1,   50,   10,   58,    1,   15,    1,   59,   11,   65
 330,   10,   45,    1,   38,    0,   59,    0,   33,   11,   60
 331,   11,   54,   11,   61,   11,   62,   11,   58,   10,   61
 332,   10,   59,   11,   57,    1,   33,    0,   61,   11,   55
 333,   11,   57,   10,   50,    1,   44,   11,   58,    0,   58
 334,   11,   63,    0,   38,   11,   64,   11,   65,   10,   40
 335,    1,   63,    0,   62,    1,   43,   11,   55,    0,   40
 336,   11,   65,   10,   41,   11,   58,    1,   43,    1,   40
 337,   11,   54,   11,   59,   11,   64,   10,   50,   10,   53
 338,    1,   50,   11,   58,   11,   60,    1,   20,   10,   44
 339,   11,   65,    1,   32,    1,   25,   11,   63,   11,   54
 340,   11,   63,   11,   65,    1,   16,   10,   52,    0,   53
 341,   11,   62,   11,   63,   11,   55,   10,   54,   11,   59
 342,    1,   40,    1,   12,    0,   27,    1,   47,   10,   53
 343,   11,   55,    1,   41,   11,   64,   10,   55,   11,   63
 344,   10,   36,    1,   15,   11,   63,    1,   17,   10,   46
 345,   10,   61,   10,   60,    0,   29,    1,   37,   11,   56
 346,   10,   52,   10,   36,    0,   22,    1,   44,   10,   55
 347,    0,   59,    1,   56,    0,   36,   10,   54,   10,   63
 348,   11,   61,   10,   48,   10,   54,   11,   56,    1,   21
 349,    0,   19,    0,   54,    1,   28,    0,   45,    1,   14
 350,    1,   55,   11,   65,   11,   59,   11,   63,    1,   32
 351,   10,   49,   10,   60,   11,   61,   10,   42,    1,   24
 352,   10,   52,    0,   25,    0,   23,   10,   55,   10,   59
 353,   10,   43,   11,   58,    0,   28,    1,   45,   11,   64
 354,   11,   63,   10,   41,   10,   56,    1,   32,    1,   65
 355,   10,   46,    0,   34,    0,   57,    0,   36,   10,   43
 356,    0,   64,   11,   54,   10,   37,    1,   17,   11,   56
 357,    1,   16,   11,   60,    1,   41,    0,   56,    1,   57
 358,   10,   44,    1,   27,   11,   64,   10,   56,    0,   56
 359,    1,   26,    1,   60,    0,   65,    1,   45,   10,   37
 360,   11,   58,    1,   56,    1,   19,    0,   51,    0,   46
 361,    0,   23,    1,   27,    0,   63,   11,   65,   11,   64
 362,   10,   48,   10,   51,    0,   55,    0,   49,   11,   60
 363,    0,   35,   10,   48,    0,   46,   11,   65,    0,   49
 364,    0,   25,   10,   54,    0,   53,   11,   65,    0,   50
 365,   10,   56,   11,   57,   11,   55,    0,   62,    1,   50
 366,    0,   46,    1,   51,   10,   63,   11,   59,    0,   50
 367,    1,   50,   11,   58,    1,   30,    1,   25,    1,   31
 368,    1,   63,    1,   12,   11,   60,    1,   54,    0,   59
 369,    0,   19,    0,   58,    0,   61,    1,   22,   10,   43
 370,   10,   58,   10,   45,   10,   54,    0,   40,   10,   47
 371,    0,   61,    0,   59,    0,   65,   11,   55,   11,   62
 372,   11,   59,    1,   54,   10,   52,   11,   63,    1,   61
 373,   10,   61,    0,   24,    0,   29,    0,   19,   10,   53
 374,   10,   54,    1,   36,    0,   47,   10,   54,   11,   62
 375,    0,   47,   10,   56,   10,   58,    1,   42,   11,   57
 376,   10,   58,   11,   60,   11,   65,   10,   49,    0,   46
 377,    1,   49,   10,   61,   10,   60,   11,   65,    1,   43
 378,   10,   53,   10,   64,    0,   32,    1,   39,   11,   59
 379,    0,   59,   10,   59,    1,   63,    1,   36,    1,   29
 380,   11,   60,   10,   54,    1,   30,    0,   36,    1,   30
 381,   10,   56,   10,   42,    0,   64,    1,   37,    0,   50
 382,    0,   20,    1,   64,    1,   15,   10,   41,    1,   37
 383,   10,   45,   11,   63,   10,   38,   11,   63,   11,   63
 384,    0,   61,    1,   26,    0,   25,    1,   24,   11,   54
 385,    1,   32,   11,   64,    1,   48,    1,   25,   10,   49
 386,   10,   58,   10,   43,    0,   18,    1,   47,   11,   57
 387,    0,   41,    1,   30,    0,   42,    1,   50,   10,   47
 388,    0,   64,    0,   53,   10,   36,   10,   65,    0,   52
 389,   10,   52,    1,   36,    0,   35,   10,   61,   10,   54
 390,    0,   18,   11,   63,   11,   55,   11,   57,   10,   36
 391,   11,   65,   11,   55,    0,   44,    1,   13,    1,   54
 392,   11,   56,   11,   58,   11,   58,   11,   62,    1,   15
 393,    0,   63,   10,   59,    0,   43,   10,   64,   10,   63
 394,    1,   43,   10,   38,    0,   30,    1,   21,    1,   17
 395,    0,   59,    0,   39,    0,   56,    1,   47,   11,   58
 396,    0,   25,    1,   44,   10,   53,    0,   18,    0,   39
 397,   11,   60,   11,   64,   11,   57,   10,   48,   11,   61
 398,    1,   62,   11,   59,    1,   33,    1,   28,    0,   57
 399,    0,   47,    0,   59,    0,   24,    0,   61,   11,   57
 400,   11,   60,    0,   45,    0,   51,    1,   32,   11,   61
 401,   11,   56,    0,   58,   10,   39,    1,   63,   10,   52
 402,   11,   64,    1,   56,   11,   65,    1,   60,   11,   59
 403,   10,   40,   10,   47,   11,   58,   11,   57,    1,   33
 404,   11,   56,   11,   63,   11,   62,    1,   62,    0,   61
 405,   10,   42,    1,   58,    0,   30,    0,   28,    0,   34
 406,   11,   61,    0,   23,   11,   57,    1,   22,    1,   63
 407,    1,   34,    1,   44,   10,   43,    0,   44,   10,   37
 408,    1,   34,    1,   29,   10,   60,    0,   38,   10,   53
 409,   11,   64,   10,   62,   11,   55,    0,   36,    1,   13
 410,   11,   60,   11,   64,   11,   58,   11,   62,    0,   44
 411,    0,   48,    1,   14,   11,   65,   10,   42,    1,   49
 412,    0,   27,    0,   62,   11,   55,    0,   49,   11,   56
 413,   11,   59,   11,   54,   10,   48,   11,   65,    0,   54
 414,    1,   59,   11,   65,   10,   50,    0,   20,   11,   55
 415,    1,   17,    0,   33,    0,   31,   11,   56,   11,   63
 416,    0,   36,    0,   33,    0,   24,   10,   37,    1,   41
 417,    1,   25,   10,   38,    0,   32,    1,   22,   10,   43
 418,    1,   55,   10,   54,   11,   58,    1,   33,    0,   46
 419,    1,   55,   10,   46,   11,   57,    1,   58,   11,   56
 420,    0,   45,    0,   57,    1,   51,    0,   56,   10,   36
 421,    0,   37,   10,   49,   10,   63,    1,   34,   11,   54
 422,    1,   15,   10,   56,   10,   54,   10,   36,   10,   54
 423,   11,   63,    0,   46,    1,   27,    0,   23,    0,   29
 424,    1,   44,    1,   23,   10,   50,    0,   28,    1,   62
 425,    1,   25,   11,   65,    0,   59,    1,   25,   11,   60
 426,   10,   56,    1,   49,   10,   60,    0,   32,   10,   55
 427,   10,   60,    1,   46,   10,   61,    1,   40,    0,   62
 428,   11,   57,   11,   59,    1,   32,   10,   65,   11,   64
 429,    1,   22,    0,   63,    0,   28,   11,   64,    0,   43
 430,    1,   58,   10,   50,   10,   65,   10,   60,   11,   57
 431,    1,   22,   10,   59,    1,   29,    1,   50,    0,   62
 432,   10,   53,    0,   22,    0,   47,   10,   40,   11,   57
 433,    0,   32,   11,   59,   10,   44,   10,   43,    0,   52
 434,    1,   28,   10,   47,   11,   65,   10,   37,   10,   36
 435,    1,   16,   11,   54,   10,   49,   10,   43,    1,   35
 436,    1,   38,   11,   61,   11,   60,   10,   54,   10,   58
 437,   10,   47,    1,   51,    0,   63,   11,   64,   11,   65
 438,   10,   61,    0,   40,    0,   35,    1,   21,   10,   41
 439,    0,   53,   11,   65,   11,   56,   10,   51,    0,   29
 440,   10,   61,   11,   63,    1,   63,   10,   44,    1,   32
 441,    0,   48,   10,   60,    0,   25,    1,   23,    1,   31
 442,    1,   39,   10,   51,   11,   54,   10,   55,   11,   60
 443,   10,   49,    0,   22,    1,   45,    1,   21,   11,   65
 444,    1,   27,    0,   64,   10,   52,    1,   55,    0,   49
 445,   10,   64,   11,   59,   10,   51,    0,   43,   10,   63
 446,   10,   43,   10,   56,    1,   19,    0,   32,    0,   32
 447,    0,   38,   10,   36,    0,   22,    1,   59,    1,   33
 448,    1,   20,    0,   28,    0,   36,   11,   57,   11,   60
 449,   11,   60,   10,   59,   11,   56,    0,   26,    0,   21
 450,    0,   37,   10,   36,   10,   57,   11,   61,   10,   44
 451,    1,   45,   11,   58,   10,   46,   10,   37,    0,   49
 452,   11,   57,   10,   59,    0,   50,    1,   22,    0,   57
 453,   10,   48,    1,   20,   11,   60,    0,   37,   11,   57
 454,   10,   38,   11,   61,    1,   22,    1,   54,    0,   30
 455,    1,   27,   10,   63,   10,   55,    1,   37,   10,   56
 456,    1,   37,    0,   32,   11,   65,    1,   35,    0,   51
 457,   11,   54,   10,   42,    0,   49,    1,   16,   10,   62
 458,   10,   59,   10,   52,    1,   41,    1,   12,   10,   63
 459,    1,   35,   10,   36,    0,   54,   10,   37,    1,   44
 460,    0,   63,    0,   47,    0,   30,    0,   54,   11,   64
 461,    0,   48,   11,   61,    0,   39,    1,   46,    0,   49
 462,    0,   20,    0,   59,   11,   57,    0,   30,   11,   60
 463,    0,   52,   10,   61,   11,   64,   10,   62,   10,   42
 464,   10,   44,    0,   26,    0,   31,   11,   60,   10,   39
 465,   11,   55,   11,   56,    0,   63,    0,   31,   10,   53
 466,   10,   45,   11,   54,    0,   29,   11,   55,   10,   64
 467,   11,   55,    1,   15,   11,   59,    1,   60,   10,   65
 468,   10,   39,    0,   23,    1,   54,   11,   54,    1,   62
 469,   11,   57,   11,   55,    1,   23,    1,   40,    0,   26
 470,   10,   61,    0,   63,   10,   59,    0,   35,    1,   42
 471,   11,   60,   11,   65,   11,   58,   11,   57,   10,   56
 472,   10,   63,   11,   63,    1,   59,   10,   45,    1,   24
 473,   11,   58,    1,   32,   10,   44,   11,   62,   11,   54
 474,    1,   23,    0,   34,   11,   58,    0,   58,   11,   60
 475,    0,   25,    1,   34,    1,   53,   11,   59,    0,   39
 476,    0,   40,    1,   65,    1,   18,   11,   62,   10,   45
 477,    0,   52,    1,   45,    0,   39,   10,   52,   10,   42
 478,    1,   15,    0,   27,   10,   59,   10,   46,    0,   51
 479,   11,   54,   10,   46,    1,   51,    1,   41,   10,   55
 480,    1,   40,   10,   36,    0,   40,   10,   64,   10,   56
 481,   11,   55,    0,   40,   10,   45,    1,   58,   10,   53
 482,   11,   61,    1,   21,    0,   42,    0,   42,   11,   58
 483,   11,   63,   11,   58,   10,   55,    0,   26,   10,   57
 484,    0,   41,    1,   34,   11,   65,    0,   62,   10,   47
 485,    0,   46,   10,   64,   11,   63,   11,   62,   11,   60
 486,   10,   49,   11,   64,   11,   57,    0,   47,    1,   33
 487,   11,   62,   11,   63,    1,   17,    1,   54,    1,   57
 488,    1,   56,   11,   62,    0,   62,    1,   16,    0,   59
 489,    1,   43,   11,   65,   10,   57,   10,   48,    0,   27
 490,    1,   23,   11,   56,    0,   51,   11,   61,    1,   56
 491,    0,   49,    1,   52,    1,   45,    0,   58,   10,   41
 492,   11,   65,   10,   61,   11,   57,    0,   33,   11,   57
 493,    1,   57,    0,   39,    1,   34,   11,   59,    0,   60
 494,   11,   58,    0,   41,   10,   49,    0,   22,   10,   52
 495,   10,   44,    1,   30,   10,   49,    0,   50,   11,   58
 496,    0,   44,   10,   46,   11,   65,    1,   39,    1,   48
 497,    0,   32,   11,   56,   10,   42,    0,   37,   10,   43
 498,    1,   36,   10,   40,   10,   53,   11,   61,    1,   38
 499,   10,   51,   10,   44,    0,   64,   11,   62,   11,   65
 500,    1,   30,   11,   62,    0,   55,    0,   27,   10,   42
 501,    1,   20,   10,   54,   11,   55,   11,   57,    0,   34
 502,   11,   57,    1,   26,   10,   47,   11,   55,   10,   65
 503,    1,   40,   11,   55,    1,   58,   11,   60,   11,   60
 504,   10,   60,    0,   22,    0,   61,    0,   42,    1,   33
 505,    1,   58,    0,   53,   10,   53,    1,   53,   10,   48
 506,    1,   34,   10,   43,   11,   64,    1,   40,   10,   50
 507,    0,   48,   10,   53,   10,   50,   11,   55,   11,   54
 508,   11,   59,   10,   37,   11,   56,   11,   65,   11,   61
 509,    0,   46,   10,   63,   10,   40,    0,   56,    1,   30
 510,    1,   61,   11,   63,    1,   65,   10,   62,   11,   61
 511,   10,   64,    0,   43,    0,   57,   11,   60,    1,   60
 512,    0,   55,    0,   55,   11,   63,   10,   41,   11,   56
 513,   11,   61,   11,   60,    0,   62,   10,   49,    1,   42
 514,   11,   57,    1,   22,    1,   53,    0,   58,    0,   25
 515,    0,   53,   10,   61,    0,   61,    0,   25,    1,   30
 516,   11,   62,    0,   23,   10,   39,   10,   57,   10,   36
 517,   11,   57,    1,   40,   11,   57,   10,   61,   10,   42
 518,    1,   19,   10,   50,    1,   61,    0,   24,   10,   47
 519,    1,   43,   10,   36,    0,   20,    0,   28,   11,   54
 520,    0,   45,    1,   47,    0,   51,    0,   34,    1,   45
 521,    0,   19,    0,   46,    1,   49,    1,   12,    0,   62
 522,   11,   63,    1,   50,    1,   13,    1,   49,    0,   65
 523,    1,   45,    0,   22,   11,   61,    0,   36,   10,   60
 524,    1,   36,   11,   61,   11,   60,   10,   60,   11,   56
 525,   10,   57,    1,   28,    0,   63,   10,   63,   10,   45
 526,   11,   64,   11,   60,    1,   56,   10,   38,   11,   63
 527,   10,   42,    1,   38,   11,   59,   11,   59,    0,   37
 528,   11,   61,   11,   62,   10,   63,   10,   52,   11,   65
 529,   11,   56,    1,   46,    0,   37,   10,   61,    0,   33
 530,    1,   20,    1,   65,    1,   15,   11,   65,   11,   61
 531,    1,   56,   10,   41,   10,   50,   10,   42,    1,   28
 532,    1,   49,    1,   47,    0,   19,    1,   61,    0,   22
 533,   11,   57,    0,   21,    0,   28,   10,   37,   11,   65
 534,    1,   56,   10,   36,   11,   65,   10,   57,    1,   58
 535,    0,   35,   11,   56,    0,   20,    0,   60,   11,   60
 536,   11,   55,   11,   62,   11,   57,    0,   47,   10,   63
 537,    0,   28,   10,   60,    1,   33,   10,   38,    1,   26
 538,    0,   35,    1,   60,   10,   43,    1,   40,   11,   57
 539,    1,   18,    0,   27,   10,   56,   11,   63,    1,   32
 540,   11,   60,   10,   57,   11,   58,   11,   59,    1,   51
 541,   10,   45,   10,   39,   11,   54,    0,   51,   11,   65
 542,    1,   62,   10,   38,    1,   38,   11,   54,   10,   52
 543,   11,   58,    1,   47,    0,   48,    1,   24,    0,   46
 544,   10,   44,    1,   64,    1,   43,    1,   34,    0,   35
 545,   11,   59,   11,   65,    1,   19,   10,   37,    0,   32
 546,    0,   40,   11,   59,    1,   21,   10,   36,    0,   43
 547,   11,   58,    1,   28,   11,   60,   11,   62,    1,   32
 548,    0,   20,   11,   61,   11,   56,   10,   52,    0,   57
 549,   11,   65,    0,   46,   11,   65,    1,   59,   11,   64
 550,   10,   64,   10,   39,    0,   28,    0,   42,    1,   27
 551,    1,   19,    1,   59,   10,   58,    1,   65,    1,   28
 552,   10,   56,    1,   34,    0,   47,    1,   40,    0,   41
 553,   11,   58,   10,   41,    0,   30,    0,   57,    1,   64
 554,   10,   61,    0,   37,    1,   23,   11,   63,    0,   46
 555,   11,   58,   11,   60,   10,   60,    0,   55,    1,   57
 556,    0,   32,   10,   55,    1,   48,   11,   58,    0,   35
 557,    0,   25,   10,   44,    0,   61,    0,   34,   10,   61
 558,   11,   61,   11,   60,    0,   41,    1,   33,    1,   56
 559,   10,   57,   11,   55,   10,   59,   10,   57,    1,   17
 560,    0,   58,    1,   21,    1,   40,    1,   13,    0,   46
 561,    1,   53,    1,   54,   10,   45,    1,   33,    0,   55
 562,   11,   61,   10,   59,    0,   53,   10,   40,   10,   60
 563,    0,   21,    0,   32,    1,   57,    1,   53,    0,   51
 564,   11,   58,   11,   54,    0,   19,   11,   63,   10,   62
 565,    1,   53,   11,   61,   11,   64,   10,   59,   11,   56
 566,    0,   47,   11,   63,   11,   55,    1,   62,   10,   57
 567,   11,   62,    1,   59,    1,   63,   10,   41,   11,   63
 568,   11,   61,    0,   21,    0,   43,    1,   43,    1,   50
 569,   10,   55,   11,   55,   11,   56,   11,   59,    1,   64
 570,   10,   37,   11,   57,    1,   19,   11,   61,   11,   61
 571,   11,   64,   11,   63,   11,   62,   10,   63,   11,   65
 572,    0,   46,   11,   61,    0,   25,    1,   40,    1,   31
 573,    0,   48,    1,   39,    0,   65,    1,   50,   11,   56
 574,    1,   31,    0,   49,   11,   61,   10,   38,    1,   38
 575,   11,   59,   10,   51,    0,   18,   11,   65,    0,   25
 576,   11,   60,    0,   43,   11,   57,    1,   51,    1,   12
 577,    1,   41,   10,   48,    1,   50,   11,   64,    1,   18
 578,   10,   42,    0,   48,    0,   52,   10,   48,   11,   59
 579,   10,   54,   10,   62,    0,   50,    0,   28,   10,   45
 580,    0,   44,   11,   60,    0,   32,    0,   33,    0,   49
 581,   10,   39,    0,   25,   11,   65,    1,   35,    0,   52
 582,   10,   36,    0,   18,    1,   59,   11,   61,   11,   64
 583,   10,   47,    1,   21,   10,   50,    0,   19,    0,   30
 584,    1,   60,   11,   57,   10,   52,   11,   57,    1,   44
 585,    1,   34,    0,   53,   11,   61,   10,   62,   11,   54
 586,   10,   36,    1,   22,    0,   38,    0,   52,    1,   59
 587,    1,   64,   11,   58,    0,   24,    0,   20,   11,   58
 588,    1,   35,   11,   58,    1,   48,    1,   47,    1,   42
 589,    1,   25,   11,   61,   10,   44,   10,   52,   10,   52
 590,    1,   47,    0,   32,    1,   35,    0,   27,   11,   63
 591,    0,   47,   10,   38,   10,   46,    1,   31,   10,   61
 592,   11,   57,   11,   54,   10,   57,   11,   59,    1,   45
 593,    1,   64,    1,   19,    1,   25,   11,   64,   10,   44
 594,    1,   20,   10,   42,    0,   61,    1,   45,    0,   31
 595,    0,   31,    0,   35,   11,   61,   11,   59,    0,   25
 596,    1,   24,    0,   30,    1,   34,   10,   64,   10,   38
 597,    0,   37,    0,   44,   10,   44,   10,   65,    0,   62
 598,    1,   59,    1,   61,   11,   63,    1,   26,    0,   55
 599,    1,   37,    0,   21,   11,   60,    0,   27,    1,   26
 600,    0,   18,   11,   59,   10,   52,   10,   62,    1,   47
 601,    0,   32,    0,   39,   11,   64,   10,   61,    1,   16
 602,    1,   50,    0,   24,   11,   59,   10,   65,   10,   48
 603,   10,   50,    1,   42,    1,   18,   11,   64,   10,   49
 604,   11,   59,   10,   63,    0,   54,   11,   58,   10,   45
 605,   11,   58,    0,   36,    0,   25,    0,   52,    1,   14
 606,   10,   44,   11,   65,   10,   63,   11,   58,   10,   36
 607,   10,   65,   10,   44,   10,   47,    1,   36,    0,   40
 608,    0,   18,    0,   38,    1,   14,   11,   55,    1,   56
 609,   10,   48,   11,   57,    1,   55,    1,   55,    1,   49
 610,    0,   39,    0,   45,    0,   63,   11,   57,    1,   12
 611,   11,   60,    1,   65,    1,   47,    1,   18,    1,   50
 612,    0,   33,    0,   19,    0,   27,    0,   50,   11,   59
 613,    1,   39,   10,   54,    0,   55,   11,   60,   10,   53
 614,    0,   36,   11,   54,   11,   61,   10,   50,    0,   47
 615,   11,   60,   11,   62,    0,   57,    0,   63,    0,   37
 616,   11,   58,   10,   55,    1,   33,   10,   51,   11,   62
 617,    0,   50,   10,   51,    1,   53,   11,   57,    1,   50
 618,   11,   57,   10,   62,    0,   57,   10,   60,   11,   62
 619,   10,   38,   10,   37,    1,   16,   10,   36,   10,   55
 620,    0,   24,   11,   62,   11,   58,    0,   63,    1,   42
 621,    0,   56,    0,   63,    1,   20,   10,   43,    0,   41
 622,   10,   57,   11,   56,   11,   59,    0,   54,    1,   42
 623,    0,   29,   10,   36,    0,   43,    0,   51,   11,   55
 624,    1,   15,   11,   62,    0,   29,   10,   44,    0,   58
 625,    1,   49,    1,   24,   11,   62,    1,   45,    0,   64
 626,   11,   63,    0,   58,    1,   30,   10,   62,   10,   44
 627,   11,   55,   11,   62,   10,   42,    1,   34,   10,   58
 628,   11,   59,   10,   60,   10,   53,    1,   15,   11,   56
 629,   10,   42,    0,   37,   10,   43,    0,   55,    1,   14
 630,    0,   51,   11,   65,   11,   59,   10,   38,   10,   58
 631,   11,   54,    1,   26,    0,   29,   11,   60,   10,   42
 632,   11,   59,   11,   59,    0,   28,   10,   41,    1,   44
 633,    1,   13,    0,   56,    1,   17,    0,   33,    0,   47
 634,   10,   59,    1,   41,   11,   63,    1,   17,   11,   63
 635,    0,   20,   11,   58,    0,   45,   11,   65,    0,   53
 636,    0,   57,   10,   60,   10,   60,    0,   30,    0,   23
 637,    0,   22,    1,   30,    0,   27,   10,   37,    0,   59
 638,   11,   54,    1,   31,   10,   54,   11,   57,    1,   32
 639,   11,   56,   11,   61,    1,   50,    0,   20,   11,   58
 640,   11,   61,   10,   62,    1,   32,   11,   64,   11,   65
 641,   10,   41,   11,   64,    1,   48,    0,   62,    1,   42
 642,   10,   60,   10,   45,   11,   56,   10,   51,    1,   39
 643,    1,   40,    0,   30,    0,   59,    1,   58,    1,   29
 644,   10,   48,   11,   61,   10,   65,   11,   58,    1,   58
 645,   11,   60,   10,   38,    0,   23,    1,   12,   10,   36
 646,    1,   17,    0,   49,    1,   12,   11,   60,   11,   57
 647,    1,   13,   10,   62,    0,   45,    0,   50,   11,   59
 648,   11,   58,    0,   38,   10,   60,   10,   38,   11,   55
 649,    0,   28,    0,   27,    0,   43,   11,   60,   10,   59
 650,   11,   57,   11,   56,    0,   56,    0,   61,   11,   62
 651,   10,   50,    0,   34,   11,   61,    1,   21,    0,   43
 652,   10,   64,   11,   62,   10,   65,   10,   59,    1,   19
 653,    1,   54,   10,   50,    0,   35,   10,   48,    0,   64
 654,   11,   64,    1,   65,    0,   49,    0,   34,   10,   50
 655,    1,   62,   11,   64,   11,   56,   10,   47,   11,   58
 656,   10,   60,    1,   18,    1,   26,    1,   64,   11,   61
 657,   11,   60,   11,   57,   11,   60,    0,   40,    1,   23
 658,   11,   56,   10,   52,   10,   41,   10,   50,   10,   63
 659,   11,   61,   10,   65,    0,   25,   10,   45,    1,   45
 660,    1,   43,    1,   20,   10,   40,    0,   58,   11,   55
 661,   10,   60,   11,   61,   10,   54,    1,   43,   11,   59
 662,    0,   58,    1,   35,   10,   60,   10,   47,    0,   64
 663,    1,   35,   11,   62,   10,   65,   11,   61,    0,   57
 664,   10,   53,   10,   42,   10,   50,   11,   65,   11,   60
 665,    1,   17,    0,   31,    0,   52,    1,   56,   11,   59
 666,    1,   40,   10,   50,   11,   57,    0,   64,    0,   27
 667,    1,   57,    1,   47,   11,   60,    0,   42,    0,   35
 668,    0,   37,    0,   50,   10,   60,   10,   39,    0,   65
 669,   10,   55,    1,   29,   11,   65,    0,   34,    1,   65
 670,   10,   58,    1,   29,   10,   60,    0,   60,   10,   45
 671,    0,   63,   10,   49,    1,   47,    0,   61,   10,   36
 672,    0,   46,    0,   33,   11,   63,   10,   62,   10,   44
 673,   11,   54,    0,   61,   10,   62,   11,   62,   11,   58
 674,   10,   63,    0,   18,   10,   48,    1,   32,   10,   51
 675,    1,   48,    1,   38,    1,   40,   11,   55,   10,   41
 676,   11,   63,    1,   63,    0,   47,    1,   54,   11,   57
 677,   10,   55,    1,   28,    0,   63,    1,   49,   11,   57
 678,    0,   35,   10,   51,    0,   65,   11,   64,    0,   38
 679,   11,   65,   10,   41,   11,   57,   11,   61,    1,   44
 680,    1,   44,   11,   62,   10,   57,   11,   58,    0,   51
 681,    0,   49,   10,   46,    0,   53,   11,   63,   11,   59
 682,    0,   23,    0,   31,   11,   55,   11,   54,   10,   53
 683,   10,   40,    1,   57,    1,   31,    1,   33,   10,   51
 684,   11,   59,    1,   12,    1,   56,   11,   60,    1,   32
 685,    1,   30,   11,   58,   10,   40,   11,   57,    1,   25
 686,    0,   63,   10,   63,    0,   44,   10,   64,   10,   55
 687,    1,   60,   10,   36,   10,   61,    0,   27,   10,   37
 688,    1,   43,    0,   58,    0,   56,    0,   58,   10,   58
 689,   10,   60,    0,   54,    0,   30,    0,   39,    1,   59
 690,    0,   54,   11,   61,    0,   18,    0,   57,   10,   63
 691,   10,   39,   10,   45,   10,   41,   11,   62,   10,   54
 692,    1,   39,   10,   46,    1,   32,    0,   18,   11,   64
 693,    1,   27,   10,   62,    0,   26,    0,   35,   11,   54
 694,    1,   62,   10,   45,   11,   63,    0,   60,   11,   59
 695,   10,   48,    1,   46,   11,   59,   10,   40,    1,   35
 696,   11,   61,    1,   55,    0,   45,   11,   54,   10,   59
 697,   10,   43,   11,   61,    1,   35,   11,   62,   11,   62
 698,    0,   41,   10,   36,    0,   48,    0,   52,    0,   38
 699,   11,   61,    0,   44,   10,   42,    0,   25,   11,   56
 700,   11,   65,   10,   60,   11,   62,   10,   36,    1,   33
 701,   11,   63,    1,   51,    0,   59,    0,   40,    1,   57
 702,    1,   18,   10,   41,   11,   62,   10,   45,   11,   58
 703,    1,   47,   11,   65,    1,   51,    0,   62,    0,   43
 704,    1,   33,    1,   38,   11,   59,   10,   36,    1,   56
 705,    1,   59,    1,   27,    0,   29,   10,   42,   11,   64
 706,    1,   63,    0,   49,    1,   14,   10,   54,   10,   42
 707,    0,   29,    1,   47,   10,   45,   11,   61,    0,   64
 708,   11,   63,   10,   44,    0,   30,   10,   48,    0,   50
 709,   10,   40,    1,   31,    1,   62,    0,   56,    0,   46
 710,    0,   30,   11,   54,    1,   35,    1,   50,   11,   62
 711,    1,   41,   11,   58,    1,   51,    0,   52,    1,   56
 712,   11,   59,    1,   31,   11,   55,    1,   25,    0,   54
 713,   11,   63,    0,   31,   10,   43,    1,   40,   11,   61
 714,   11,   58,   11,   60,    0,   23,    1,   22,    1,   14
 715,    1,   32,    1,   55,   10,   45,    0,   24,   10,   62
 716,    1,   34,   10,   39,   11,   59,    0,   61,    0,   19
 717,    0,   44,    1,   15,    0,   40,    0,   27,   10,   45
 718,    0,   63,   11,   61,   11,   65,    1,   45,   11,   54
 719,   11,   59,   11,   58,    0,   42,   11,   60,    0,   50
 720,   10,   52,    0,   28,    0,   64,   11,   64,    1,   24
 721,    1,   64,   11,   62,   10,   48,   10,   58,    0,   21
 722,   10,   50,   10,   44,   10,   61,   10,   36,   11,   56
 723,    1,   16,    1,   60,    1,   50,    1,   38,    1,   48
 724,    0,   61,   11,   57,   10,   64,   11,   55,    1,   32
 725,   11,   65,   11,   61,    1,   26,    1,   34,   10,   48
 726,   11,   55,    0,   54,   11,   60,   10,   53,   11,   64
 727,    1,   33,   10,   56,   10,   45,   10,   59,   10,   63
 728,    0,   29,    0,   27,    0,   49,   10,   41,   10,   44
 729,   11,   62,    1,   49,   11,   61,    1,   21,    1,   12
 730,    1,   40,   10,   41,    1,   37,   11,   56,    1,   61
 731,    1,   41,   10,   63,   11,   57,   10,   58,    0,   54
 732,    1,   47,    1,   22,   10,   37,   10,   51,    0,   50
 733,    1,   25,   10,   55,   10,   57,    0,   62,    1,   26
 734,   10,   38,    0,   30,   11,   55,   10,   58,   10,   42
 735,    1,   34,    0,   34,   11,   54,    0,   58,   11,   55
 736,   11,   64,    1,   21,    1,   13,   11,   56,    1,   43
 737,   10,   43,    1,   43,    1,   58,   10,   55,   11,   54
 738,   11,   57,    0,   50,    1,   52,    0,   48,    1,   52
 739,    0,   21,   10,   65,    0,   30,    0,   57,    0,   52
 740,    1,   40,    1,   23,   11,   54,    1,   54,   10,   51
 741,    0,   28,   10,   45,   10,   53,   10,   44,    1,   57
 742,    0,   21,   11,   64,    0,   57,    0,   56,   10,   49
 743,    1,   58,    0,   46,    0,   62,    0,   62,   11,   65
 744,   10,   64,    0,   35,   10,   52,    0,   59,    0,   24
 745,    0,   60,    0,   47,   11,   62,   10,   60,    0,   49
 746,    1,   50,   10,   45,   10,   58,   11,   64,    0,   37
 747,   11,   61,    0,   29,    1,   50,    1,   34,   11,   54
 748,    1,   65,   11,   63,    0,   23,    0,   20,   11,   65
 749,   11,   60,    0,   22,   11,   60,   11,   56,    0,   55
 750,    0,   49,    0,   49,   11,   64,   11,   60,   10,   46
 751,   10,   54,    1,   32,    1,   62,   11,   54,   11,   58
 752,   11,   55,   11,   59,    1,   61,   10,   59,    1,   29
 753,   11,   58,    0,   49,   10,   63,   10,   45,    0,   46
 754,   11,   55,   11,   64,   10,   54,   11,   62,    1,   55
 755,   10,   46,   11,   58,   10,   65,   11,   65,    1,   25
 756,   10,   41,   11,   57,   11,   65,   11,   58,    1,   45
 757,    0,   65,    1,   35,    1,   62,   11,   60,   10,   64
 758,    0,   21,    0,   20,   10,   46,   11,   54,    0,   45
 759,    0,   54,    0,   43,   10,   44,   10,   52,    0,   28
 760,    0,   41,    1,   12,   11,   57,    1,   65,    0,   33
 761,   10,   61,    0,   34,   10,   60,   10,   44,    0,   18
 762,   11,   57,   10,   48,    1,   47,   10,   51,    0,   57
 763,    1,   28,    1,   59,   10,   61,   11,   65,    0,   39
 764,    0,   46,   10,   41,    0,   62,    0,   60,    1,   54
 765,   11,   59,   10,   37,    1,   35,   10,   53,    1,   34
 766,    0,   51,    0,   49,   11,   56,    0,   37,    0,   43
 767,   11,   57,    0,   36,   10,   62,    1,   12,   11,   55
 768,    1,   23,    1,   54,    0,   41,    1,   21,    1,   49
 769,    0,   57,    0,   39,   10,   48,   10,   49,   10,   56
 770,    0,   31,   10,   63,    1,   22,    0,   19,    0,   46
 771,    0,   25,    1,   28,   11,   55,   10,   46,   10,   62
 772,    0,   34,   11,   56,    1,   12,    1,   54,   10,   55
 773,    0,   51,   11,   54,    1,   33,   10,   59,   10,   65
 774,   10,   56,    1,   26,    1,   22,   10,   38,    1,   16
 775,   10,   61,    1,   30,   11,   59,    1,   19,    1,   51
 776,    0,   24,   11,   60,    1,   44,    1,   24,    1,   55
 777,   11,   56,   11,   57,   11,   56,   11,   63,   11,   61
 778,    1,   48,    0,   58,    1,   47,    0,   18,    1,   24
 779,   11,   62,   10,   60,    0,   60,    0,   38,   11,   61
 780,   10,   37,    0,   60,   10,   39,    1,   53,   11,   56
 781,    0,   32,   10,   56,   10,   57,   10,   63,    1,   44
 782,    0,   41,   10,   63,   10,   54,    1,   43,    0,   55
 783,   11,   60,   10,   53,   11,   54,   10,   48,   11,   56
 784,    1,   35,   10,   65,    1,   56,   10,   44,   10,   39
 785,    1,   49,    0,   53,   11,   60,   10,   47,    0,   24
 786,   11,   59,    0,   56,    0,   29,    1,   61,    0,   54
 787,   10,   46,   11,   54,    0,   49,    1,   51,    0,   44
 788,    0,   41,    1,   47,    0,   43,   11,   56,    1,   35
 789,   11,   54,    1,   65,   11,   59,    0,   36,   11,   55
 790,   11,   63,    1,   28,    0,   52,    1,   52,    1,   19
 791,   11,   54,    0,   51,    0,   22,    0,   50,   10,   37
 792,    1,   53,    0,   46,   11,   54,   10,   52,   11,   61
 793,   11,   55,    0,   37,   10,   58,   11,   54,    1,   43
 794,    1,   12,   10,   47,   10,   64,   11,   54,    1,   21
 795,    1,   63,   10,   38,   10,   41,   11,   59,    1,   18
 796,    0,   24,    0,   55,    1,   56,   10,   49,   11,   63
 797,    0,   21,    0,   54,   11,   59,   11,   60,   11,   60
 798,   11,   65,    1,   25,    1,   47,   10,   38,   10,   38
 799,   11,   54,    1,   15,    1,   26,    1,   28,   10,   53
 800,    0,   32,    0,   27,    1,   48,   11,   62,    1,   57
 801,   11,   65,   10,   53,   10,   56,    1,   29,    0,   38
 802,   11,   54,    0,   50,   10,   46,    1,   31,    0,   45
 803,    1,   65,    1,   36,   11,   62,   10,   58,   10,   61
 804,    0,   53,    1,   42,   11,   62,   10,   64,    1,   13
 805,   11,   58,   10,   60,   11,   56,    0,   53,    1,   45
 806,   10,   56,   10,   45,   10,   64,    0,   65,    1,   27
 807,   10,   42,    0,   51,   10,   55,   11,   54,    1,   27
 808,   11,   58,    1,   44,   10,   39,   11,   65,   11,   57
 809,    1,   17,    0,   59,    0,   39,    0,   50,    0,   56
 810,    0,   32,    0,   43,    1,   45,   10,   45,    0,   33
 811,    0,   65,    1,   56,   11,   60,    1,   42,   11,   56
 812,    1,   47,   10,   36,   10,   50,   10,   58,    0,   18
 813,    0,   35,    1,   41,   11,   58,   11,   63,   11,   63
 814,   10,   49,   11,   58,    0,   60,    1,   58,    1,   57
 815,    0,   20,    1,   56,   11,   55,    0,   49,    0,   45
 816,    0,   38,    1,   32,    1,   62,    0,   23,   11,   59
 817,    1,   41,   10,   36,   11,   62,   10,   63,    0,   42
 818,    0,   29,    0,   49,   11,   64,   11,   61,   11,   58
 819,    1,   29,   10,   37,   10,   50,   10,   63,   10,   45
 820,    1,   39,   11,   61,    1,   59,    0,   26,    1,   63
 821,   11,   56,   10,   44,   11,   61,   10,   63,   11,   65
 822,    0,   30,   11,   64,   11,   62,   11,   59,    0,   52
 823,    0,   47,   10,   47,   10,   47,    0,   59,   11,   57
 824,   10,   40,   10,   49,    1,   62,   11,   64,   11,   62
 825,   11,   57,   11,   58,   11,   58,    1,   25,    0,   33
 826,    0,   33,    1,   16,   10,   61,   10,   39,    0,   32
 827,    1,   51,    1,   15,   10,   42,   11,   54,   11,   60
 828,    1,   20,    0,   31,    0,   59,    0,   21,    1,   19
 829,    1,   59,   11,   65,   10,   62,    1,   45,   10,   64
 830,   11,   65,   11,   56,   11,   54,    1,   54,   11,   55
 831,    1,   37,    1,   22,    0,   56,    0,   57,    1,   48
 832,   11,   61,    0,   51,   10,   63,    1,   13,    0,   64
 833,   10,   48,   10,   45,    0,   46,   11,   54,    1,   37
 834,   10,   64,   11,   65,    1,   34,   11,   56,    1,   21
 835,    0,   55,    0,   51,   11,   65,   11,   63,   11,   58
 836,    0,   23,    0,   25,    1,   42,    0,   54,   11,   54
 837,    1,   26,   11,   63,   10,   52,    0,   34,   11,   54
 838,    1,   55,   10,   56,    1,   16,   10,   51,   10,   37
 839,    0,   62,   11,   60,    1,   17,   11,   63,   10,   60
 840,    1,   57,    0,   21,   10,   52,   10,   42,    1,   18
 841,   11,   64,   10,   64,   10,   64,   11,   64,    1,   17
 842,    0,   48,   11,   59,   11,   62,    0,   27,    0,   30
 843,    1,   41,    0,   45,   10,   59,   10,   58,    1,   13
 844,    1,   45,    1,   61,    0,   19,    1,   23,   11,   60
 845,   10,   55,    0,   37,   11,   56,   11,   63,   10,   52
 846,   10,   57,   10,   60,   10,   62,    0,   55,   11,   63
 847,    0,   42,    0,   49,   10,   57,   10,   52,   10,   64
 848,    1,   27,   11,   61,    0,   33,    1,   37,   10,   44
 849,    0,   40,   11,   56,   11,   55,   10,   51,    0,   45
 850,   11,   64,   11,   57,   10,   59,    0,   61,   10,   58
 851,    0,   24,   10,   65,    1,   62,    1,   36,    1,   52
 852,   11,   57,   11,   56,    0,   24,    0,   38,   10,   38
 853,   10,   43,    1,   55,   11,   62,   10,   64,   10,   61
 854,    0,   59,    0,   19,    0,   56,   10,   62,    1,   60
 855,   11,   59,   11,   57,   10,   42,    1,   52,   11,   54
 856,   11,   64,   11,   62,    0,   63,   11,   62,   10,   56
 857,   10,   51,    0,   36,    1,   36,   11,   57,    0,   27
 858,   10,   48,   11,   55,   10,   60,    1,   60,   11,   59
 859,   11,   59,   11,   58,   10,   48,    1,   36,    1,   50
 860,    0,   63,   10,   58,    1,   60,   10,   62,    1,   64
 861,    1,   23,    0,   35,   11,   54,   10,   45,    1,   28
 862,    1,   34,    0,   53,    1,   17,   11,   56,   10,   53
 863,    0,   63,   11,   62,    0,   51,    0,   40,    1,   25
 864,   11,   55,    1,   44,   11,   64,   10,   65,    0,   34
 865,   11,   56,    1,   35,   10,   40,   11,   65,   10,   56
 866,    1,   22,    1,   27,    1,   40,   10,   55,    0,   25
 867,    0,   22,    1,   25,   10,   59,    1,   45,    1,   17
 868,    1,   16,   10,   65,    0,   41,    0,   63,    1,   44
 869,    1,   35,    0,   31,   11,   59,   10,   44,   11,   61
 870,   11,   57,    0,   30,    1,   57,   11,   55,   10,   40
 871,   10,   50,   10,   59,    1,   39,   10,   53,    1,   29
 872,    1,   51,   11,   63,    1,   58,    0,   33,   10,   49
 873,   10,   56,   10,   50,    0,   59,    1,   14,   10,   51
 874,    0,   42,   11,   60,   10,   44,   10,   58,    0,   24
 875,   11,   62,   10,   44,    1,   38,    0,   23,    0,   20
 876,    0,   19,    1,   22,   10,   44,   10,   54,   11,   61
 877,    1,   48,   11,   64,   10,   39,   10,   53,   11,   60
 878,    0,   56,    1,   43,    1,   34,    0,   42,   10,   60
 879,    1,   22,   11,   64,    1,   63,    0,   23,   11,   54
 880,    0,   64,    0,   53,    1,   42,    1,   19,    0,   47
 881,    0,   44,    0,   56,   10,   62,    1,   19,   11,   61
 882,    0,   28,    0,   51,   11,   57,    0,   25,   11,   62
 883,    0,   58,    0,   23,   10,   52,    0,   37,    0,   22
 884,    1,   20,    1,   51,   10,   60,   11,   57,   10,   41
 885,    1,   34,    0,   56,   10,   54,    1,   19,    0,   27
 886,   11,   54,   11,   59,   10,   61,   10,   54,    0,   28
 887,   10,   64,   10,   36,   11,   64,    0,   37,   10,   48
 888,    1,   55,   11,   60,   10,   45,   10,   54,    1,   13
 889,   11,   58,   11,   55,   10,   65,    0,   42,    1,   33
 890,    1,   32,   11,   54,    0,   36,    1,   47,   11,   60
 891,    1,   50,    0,   42,   11,   62,   11,   65,    0,   57
 892,    1,   23,    1,   21,   10,   51,    0,   56,   10,   36
 893,    1,   54,   10,   53,   11,   59,   10,   61,    0,   37
 894,    0,   61,   10,   59,    0,   45,    0,   41,    1,   41
 895,    0,   45,    0,   47,   11,   56,   11,   63,   10,   61
 896,   10,   57,    1,   61,   10,   55,    1,   48,   10,   49
 897,   10,   62,    1,   30,   10,   38,   11,   64,   10,   62
 898,   11,   56,   10,   52,   10,   49,   11,   58,    0,   19
 899,    0,   54,   11,   62,    1,   58,    1,   64,   11,   55
 900,    0,   64,    0,   21,    1,   51,   10,   38,   11,   62
 901,   10,   40,    0,   58,    0,   26,   10,   54,    0,   26
 902,   11,   58,   11,   62,   11,   56,   10,   53,   10,   44
 903,    0,   50,   11,   55,    0,   54,    0,   58,    1,   35
 904,    0,   39,   11,   63,    0,   27,   10,   53,    0,   29
 905,    0,   22,    0,   57,   10,   63,    0,   21,   10,   59
 906,    0,   45,    1,   25,    1,   17,   10,   51,    1,   29
 907,    1,   32,    1,   15,   10,   38,    1,   44,    1,   55
 908,    0,   31,   10,   64,    0,   27,   10,   55,    1,   18
 909,    0,   39,   10,   62,    0,   29,   10,   41,    0,   29
 910,    1,   48,   10,   45,    1,   19,    0,   65,    1,   45
 911,   10,   61,   11,   56,    0,   26,   10,   55,    0,   35
 912,    0,   30,    0,   55,    0,   65,    1,   27,   11,   58
 913,    1,   24,   10,   38,    0,   36,   11,   59,    0,   55
 914,   11,   57,   10,   55,   11,   62,   10,   50,   10,   58
 915,   11,   61,    0,   28,   11,   55,   11,   57,    0,   64
 916,    1,   56,    0,   37,   11,   54,   10,   65,    0,   47
 917,   10,   55,   11,   57,    1,   24,    0,   61,   11,   61
 918,    0,   29,    0,   43,    1,   48,    1,   23,    1,   52
 919,    1,   22,    0,   18,   10,   52,   10,   48,    1,   50
 920,    0,   18,   11,   59,   10,   65,   10,   42,   10,   47
 921,    1,   28,    1,   32,   10,   38,   11,   61,    0,   50
 922,    0,   23,   10,   60,    1,   23,   11,   59,   10,   41
 923,    0,   36,    0,   48,   11,   55,   10,   52,   11,   62
 924,   11,   54,    0,   60,   11,   57,   10,   46,   11,   60
 925,    0,   52,   10,   48,    1,   40,    0,   39,   11,   59
 926,   10,   45,   11,   57,    0,   24,   10,   58,   11,   65
 927,    1,   29,    1,   34,    0,   38,   10,   63,   10,   50
 928,   11,   62,   11,   60,   11,   55,   11,   56,   11,   62
 929,    1,   38,   10,   64,   10,   56,    0,   27,    0,   58
 930,   11,   54,    0,   38,   10,   51,   10,   65,    0,   55
 931,   11,   62,    1,   17,   10,   36,   11,   64,    0,   29
 932,    1,   32,   11,   63,    1,   25,    1,   32,    0,   56
 933,    1,   23,    1,   18,    1,   31,   11,   61,    1,   25
 934,    1,   14,   10,   46,   11,   64,    0,   35,    0,   52
 935,   11,   63,   10,   44,   11,   56,    1,   64,   11,   63
 936,    0,   38,   10,   60,    0,   55,   11,   61,    0,   55
 937,    1,   16,    0,   30,    0,   19,    1,   15,    1,   53
 938,    0,   53,    1,   58,   10,   53,   11,   55,    1,   23
 939,    1,   13,   11,   54,   10,   51,   10,   36,    0,   31
 940,   11,   65,    1,   62,   10,   48,   11,   57,    1,   57
 941,   11,   62,    1,   12,    0,   47,    1,   27,   11,   61
 942,    1,   33,    1,   59,    0,   56,    1,   21,    1,   31
 943,   10,   48,   11,   63,   11,   63,    1,   22,   10,   41
 944,    1,   12,   10,   50,    0,   29,    1,   44,    0,   37
 945,   11,   60,   10,   43,   10,   40,    1,   51,    1,   46
 946,   11,   65,    1,   56,    1,   51,   11,   56,   10,   48
 947,    1,   34,    0,   21,    1,   34,    0,   28,   10,   42
 948,   11,   56,    0,   51,    1,   33,   10,   49,    1,   29
 949,   11,   55,   10,   58,   11,   63,    0,   26,    1,   21
 950,   11,   62,    1,   57,    0,   48,    0,   27,    0,   32
 951,    1,   39,    1,   23,    1,   32,    0,   42,    1,   22
 952,    1,   33,    1,   34,   10,   50,    0,   59,   10,   56
 953,    1,   34,    1,   19,   10,   65,    0,   54,   10,   53
 954,   10,   42,   10,   50,   10,   53,   10,   37,   11,   62
 955,    0,   28,   10,   48,   11,   54,   10,   59,    1,   63
 956,    0,   33,    1,   15,   10,   56,   11,   55,    1,   43
 957,   10,   55,    1,   58,   11,   63,    0,   24,    0,   60
 958,    0,   36,   11,   65,   11,   60,    1,   51,   10,   56
 959,   10,   51,    1,   58,    0,   47,   10,   53,    0,   38
 960,    1,   47,    1,   16,    0,   45,   10,   40,    1,   53
 961,    1,   18,   11,   58,    0,   55,   11,   57,   10,   55
 962,   10,   56,    1,   41,    0,   65,    0,   37,    0,   34
 963,    0,   35,    0,   51,    1,   63,   11,   54,   11,   64
 964,   11,   57,   10,   63,   11,   64,   11,   62,   11,   65
 965,   11,   58,    0,   23,   10,   38,   11,   65,   10,   63
 966,   11,   64,    0,   29,    0,   42,    1,   39,    0,   37
 967,    1,   61,   11,   56,    1,   61,    0,   41,    1,   42
 968,    1,   27,    0,   22,    1,   59,    1,   44,   10,   64
 969,   10,   48,    1,   44,    0,   39,    0,   29,    1,   55
 970,   10,   54,   11,   57,   11,   59,   11,   61,   10,   58
 971,    1,   59,   11,   63,   10,   36,    0,   58,    0,   47
 972,    0,   26,    1,   30,   10,   46,    1,   28,   10,   37
 973,    0,   42,    0,   49,   10,   39,    1,   56,    1,   47
 974,    0,   27,   10,   41,   10,   61,   10,   36,   11,   57
 975,    1,   27,    0,   49,   10,   37,    1,   51,   11,   65
 976,    0,   23,    0,   20,   11,   56,    0,   30,   10,   63
 977,   11,   64,   11,   63,    0,   40,    0,   34,    1,   49
 978,   10,   49,    1,   50,   10,   51,    0,   61,   10,   41
 979,    1,   18,    0,   54,    1,   36,   10,   48,    1,   32
 980,    1,   51,    0,   28,   10,   55,   11,   54,    0,   21
 981,   11,   54,    0,   24,    0,   50,    1,   48,   10,   64
 982,    1,   45,   10,   39,    0,   29,    1,   21,    1,   23
 983,    1,   47,   11,   58,    0,   64,    1,   63,    1,   56
 984,    0,   18,    0,   45,    0,   35,    1,   14,   11,   62
 985,   11,   59,   10,   37,    0,   43,    0,   24,   10,   36
 986,   10,   41,    0,   35,   11,   63,   10,   52,    1,   24
 987,    0,   60,   11,   62,    1,   37,   11,   64,   11,   58
 988,    1,   52,    0,   27,    0,   61,   11,   63,    0,   60
 989,   11,   54,   11,   56,    1,   28,    1,   51,    1,   56
 990,    1,   12,   11,   59,   11,   54,    1,   43,   11,   60
 991,   11,   60,    1,   29,   11,   63,    0,   33,    1,   24
 992,   10,   46,    0,   54,    0,   34,   11,   63,    1,   35
 993,    1,   49,   11,   63,    0,   19,    1,   63,   10,   47
 994,   11,   60,   10,   52,    0,   51,    0,   23,   10,   36
 995,    1,   26,    1,   34,    1,   16,   10,   43,   11,   55
 996,   11,   61,    1,   41,   10,   52,   11,   60,    0,   53
 997,    0,   55,    1,   21,    1,   48,   11,   61,   11,   56
 998,   10,   40,   11,   65,    0,   50,    0,   26,   10,   43
 999,    0,   57,    0,   24,   11,   65,   10,   45,   10,   53
