nExp, valid,  A0,  A1,  A2,  A3,  A4,  A5,  A6,  A7
   0,     0, -15, -39, -11, -11, -11, -11, -43, -11
   1,     1,  -3,  -7,  -3,  -3,  93, -11,  -3,  -3
   2,     1,  -6,  -6, -30, -26,  82, -18,  -6,  -6
   3,     1, -10,  66, -10, -14, -14, -46, -42, -10
   4,     1, -26, -38, -18, -10, -46, -10, -10,  66
   5,     1,  62, -22, -38, -18, -10, -26, -42, -10
   6,     1,  -5,  -5,  -5,  -5,  79,  -5,  -5,  -5
   7,     1,  -7,  -3, -11, -15,  -3,  -7,  89,  -3
   8,     1,  92,  -4,  -4,  -4, -16,  -4, -16,  -4
   9,     1,  -4,  -4, -12,  -4, -16,  -4,  -4,  80
  10,     1,  -7,  -7,  -7, -19, -23,  69,  -7,  -7
  11,     1,  -5,  -5, -13,  -5, -21,  87,  -5, -21
  12,     1,  -8,  -4, -12,  -4,  80,  -4,  -4,  -8
  13,     1,  88,  -4,  -4,  -4,  -4,  -4,  -4,  -4
  14,     1,  -9, -17, -29, -21,  87,  -9,  -9,  -9
  15,     0, -11, -47, -19, -11, -35, -51, -11, -31
  16,     1, -36, -24, -16,  -8, -28, -16,  84,  -8
  17,     1, -21,  -5,  83,  -5,  -5,  -5, -13,  -5
  18,     1, -27, -11,  61, -27, -11, -11, -11, -15
  19,     1,  -9, -33, -13, -21,  -9,  -9, -21,  87
  20,     0, -43, -23, -39, -11, -15, -15, -11, -35
  21,     1,  -9, -37, -37,  -9, -17, -37,  67,  -9
  22,     1, -15,  73, -35,  -7,  -7,  -7,  -7,  -7
  23,     1,  -3,  -3,  -3, -11,  89,  -7,  -3,  -3
  24,     1,  -9,  -9, -25,  -9,  -9,  -9,  67,  -9
  25,     1,  -5,  -5,  -5,  -5,  -5,  -5, -21,  91
  26,     1,  -3,  -3,  -3,  -3, -11,  -3,  -3,  85
  27,     1,  -8,  -8,  -8,  80, -40,  68,  -8, -32
  28,     1, -10, -10, -10, -34, -42, -22,  70, -10
  29,     0, -10, -10, -10, -10, -30, -10, -10, -18
  30,     1, -10, -10, -42, -10,  70, -42, -42, -10
  31,     1, -30,  82, -10,  -6,  -6,  -6,  -6,  -6
  32,     1, -16,  -4,  -4,  -4,  -4, -12,  88,  -4
  33,     1,  -5,  -5,  -5, -13,  -9,  -5,  91,  -5
  34,     1, -18,  82,  -6,  -6,  -6,  -6,  -6, -10
  35,     1,  -5,  87,  -5,  -9, -17,  -9, -17, -13
  36,     0, -15, -11, -19, -27, -11, -23, -47, -35
  37,     0, -34, -22, -10, -34, -38, -30, -26, -10
  38,     1,  -7,  -7, -23, -31, -27,  -7,  -7,  77
  39,     1, -13,  -5, -13,  -5,  79, -21,  -5,  -5
  40,     0, -35, -11, -43, -27, -31, -11, -11, -11
  41,     1,  -7,  -7, -19,  -7,  77,  -7, -27,  -7
  42,     1, -10, -42, -10,  62, -42, -10, -10, -42
  43,     1, -21,  -5,  -5,  91,  -9,  -5,  -5,  -5
  44,     1, -22, -14,  82,  -6, -18, -26,  -6, -30
  45,     1,  -6,  -6,  70, -14, -26, -26,  -6, -10
  46,     1,  -6,  94,  -2,  -2,  -2,  -2,  -2,  -2
  47,     1,  74,  -6,  -6,  -6,  -6, -18, -26,  -6
  48,     1,  -9, -37,  67,  -9,  -9,  -9, -21,  -9
  49,     1,  79,  -5,  -5,  -5,  -5, -25, -25,  -5
  50,     0, -27, -43, -11, -11, -15, -11, -43, -15
  51,     1,  -7,  -7,  73,  -7,  -7,  -7,  -7,  -7
  52,     1,  -2,  -6,  -2,  -2,  -2,  -2,  -2,  94
  53,     1,  -7, -31,  -7, -23,  85,  -7,  -7,  -7
  54,     1,  -5,  -5,  -5, -13,  79,  -5,  -9,  -5
  55,     1,  84,  -4,  -4, -12,  -4,  -4,  -4,  -4
  56,     1,  -5, -21, -17,  -5,  87,  -5,  -5,  -5
  57,     1, -41, -37, -41,  79,  -9,  -9, -21,  -9
  58,     1,  -7,  -3,  -3,  -3,  85,  -3,  -3,  -7
  59,     1,  -6,  -6,  -6, -30, -18,  -6, -10,  70
  60,     1,  -7,  -7, -23,  -7,  -7,  89, -31,  -7
  61,     1, -29,  75, -25,  -9,  -9, -21,  -9,  -9
  62,     1,  -7,  -7,  -7,  -7, -23,  -7,  85,  -7
  63,     1,  88,  -4,  -4,  -4, -16,  -8, -16,  -4
  64,     1, -27,  -7, -23, -23, -35, -27,  -7,  81
  65,     0, -31, -43, -11, -11, -11, -11, -43, -11
  66,     1, -40,  -8,  -8,  -8,  -8, -36,  88,  -8
  67,     1,  89,  -7,  -3,  -7,  -3,  -3,  -3,  -3
  68,     0, -31, -11, -11, -11, -19, -11, -11, -43
  69,     1,  -7, -19,  -7, -19,  -7,  77, -11,  -7
  70,     1, -10, -10, -42, -10,  58, -42, -10, -18
  71,     0, -42, -34, -46, -10, -30, -10, -10, -10
  72,     0, -51, -11, -31, -11, -35, -43, -11, -11
  73,     1,  -3,  -3,  -3,  89,  -3,  -3,  -3,  -3
  74,     1,  -2,  -2,  -2,  -2,  -2,  -2,  94,  -2
  75,     1,  -6,  90, -30,  -6, -18, -22,  -6,  -6
  76,     1,  -2,  94,  -2,  -2,  -2,  -6,  -2,  -2
  77,     1,  -4,  -4,  -4,  -4,  84,  -4,  -4,  -4
  78,     1,  -8, -16,  -8,  -8,  -8,  84, -36, -20
  79,     1,  -8,  -4,  88,  -4,  -4,  -4,  -4, -12
  80,     1,  -2,  -2,  -2,  -2,  94,  -2,  -2,  -2
  81,     1,  -5,  -5,  -5,  -5,  -5,  -5,  83,  -5
  82,     1, -15,  -7,  -7,  -7, -11, -23, -19,  69
  83,     1,  -4, -16,  80,  -4, -20,  -4,  -4,  -4
  84,     1,  -7,  -7, -31, -31,  73,  -7,  -7,  -7
  85,     1,  -9, -37,  -9,  -9,  -9,  87,  -9,  -9
  86,     1,  -7, -31, -27, -11,  65, -35, -23,  -7
  87,     1,  67,  -9,  -9,  -9, -21, -33, -37,  -9
  88,     0, -15, -31, -19, -43, -35, -11, -43, -11
  89,     1, -36, -28,  64,  -8,  -8, -36,  -8,  -8
  90,     1,  -7,  -7,  -7,  69,  -7, -27, -19, -23
  91,     1,  70, -18,  -6,  -6,  -6, -14,  -6, -10
  92,     1, -22, -10, -10, -10, -18, -34,  58, -38
  93,     1,  -6, -22,  86, -18,  -6,  -6,  -6, -14
  94,     1,  -4, -12,  88, -12, -16,  -4,  -4,  -4
  95,     1, -16,  84,  -4,  -4,  -4,  -4,  -4,  -4
  96,     1,  -3,  -3,  -3,  -3,  -3,  -3,  93, -11
  97,     1,  -5,  -5, -13,  79,  -5,  -5,  -9, -25
  98,     0, -43, -23, -43, -51, -31, -11, -11, -43
  99,     0, -11, -31, -27, -31, -43, -31, -35, -11
 100,     1, -12,  -4,  84,  -4,  -4,  -4,  -4,  -4
 101,     1, -25,  -9,  75, -21, -41, -25, -41,  -9
 102,     1,  58, -10, -14, -10, -10, -10, -10, -10
 103,     1, -11, -11, -19, -11, -43,  53, -11, -43
 104,     1,  -7,  -7,  -7,  89,  -7, -15, -11, -35
 105,     1,  -9,  -9,  -9, -17,  -9,  87,  -9,  -9
 106,     1, -10,  66, -42, -10, -42, -42, -10, -22
 107,     0, -18, -10, -10, -10, -10, -38, -10, -10
 108,     0, -31, -11, -11, -11, -23, -43, -43, -19
 109,     1, -10,  62, -18, -26, -10, -10,  66, -10
 110,     1,  -8, -20,  64, -16,  -8,  -8,  -8, -40
 111,     0, -11, -39, -39, -11, -11, -19, -11, -11
 112,     1,  -8,  -8, -24,  -8, -16,  -8,  68,  -8
 113,     1, -26,  82,  -6, -26,  -6, -18,  -6,  -6
 114,     1, -12, -32,  -8, -24,  84,  -8,  -8,  -8
 115,     1,  -4,  -4,  -4,  -4,  -4,  88,  -4,  -4
 116,     1,  -4,  -8,  -4,  80,  -4,  -4,  -4,  -4
 117,     1,  -8,  -4,  88,  -4,  -4,  -4,  -4,  -4
 118,     1,  -8,  -4,  -4,  -4,  -4,  -4,  88, -16
 119,     1,  -9,  -9,  -9,  75,  -9,  -9, -33, -41
 120,     1,  -7,  -7,  -7, -19,  85,  -7,  -7,  -7
 121,     1,  80,  -4,  -4,  -4,  -4,  -4,  -4, -12
 122,     1,  62, -10, -10, -10, -26, -14, -10, -30
 123,     1,  84, -16,  -4,  -4,  -4, -16,  -4, -12
 124,     1, -21,  -9, -37,  -9,  -9,  -9,  59,  -9
 125,     0, -43, -35, -11, -11, -11, -11, -39, -11
 126,     1,  -5,  79,  -5, -17,  -9,  -5, -13,  -5
 127,     1, -11,  -3,  -3,  -3,  85,  -3,  -3,  -3
 128,     1,  -8,  -8, -20, -32, -36,  72,  -8, -24
 129,     0, -23, -11, -11, -11, -43, -23, -43, -11
 130,     1, -10, -10, -10, -10, -38, -42, -10,  70
 131,     1,  -5,  83, -21,  -5,  -5, -13,  -5,  -9
 132,     0, -43, -35, -15, -11, -31, -39, -11, -31
 133,     1,  -8,  -8, -20, -28,  -8, -28,  64,  -8
 134,     1,  -7,  -7, -11,  -7,  -7,  -7,  65,  -7
 135,     1,  -9,  63, -13,  -9,  -9, -21, -17, -25
 136,     1,  -4,  -4, -12,  -4,  -4,  -4,  88, -16
 137,     1, -16,  -4,  -4,  -8,  -4,  -4, -16,  84
 138,     1,  -5,  -5,  -5,  87,  -5,  -5,  -5,  -9
 139,     1, -31, -23,  -7,  85,  -7, -27, -23,  -7
 140,     1,  -9,  -9,  63,  -9, -41, -25, -41,  -9
 141,     1,  -7,  65,  -7,  -7,  -7, -31, -11,  -7
 142,     1, -18,  -6, -14, -10,  74,  -6,  -6,  -6
 143,     0, -23, -31, -47, -27, -31, -11, -11, -11
 144,     1, -12, -20,  68,  -8,  -8, -40,  -8,  -8
 145,     1,  -4,  -4,  -4, -16,  84,  -4, -12, -12
 146,     1,  82,  -6,  -6, -30, -10,  -6,  -6, -26
 147,     1, -15,  -7,  -7,  -7,  73, -27,  -7,  -7
 148,     1, -28,  64,  -8, -40,  -8, -12,  -8,  -8
 149,     1,  60, -16,  -8, -36,  -8,  -8,  -8, -40
 150,     0, -39, -19, -31, -15, -11, -43, -43, -27
 151,     0, -11, -27, -11, -19, -23, -11, -11, -15
 152,     1,  93,  -7,  -3,  -3,  -3,  -3,  -3,  -3
 153,     0, -11, -47, -11, -15, -11, -11, -11, -15
 154,     1,  -3,  -3,  -3,  -7,  -3,  89,  -3, -11
 155,     1,  -8,  -8,  -8, -24,  64, -32, -24, -12
 156,     1,  -4, -12,  -4, -16,  92,  -8, -16,  -4
 157,     1,  -2,  -2,  90,  -2,  -2,  -2,  -6,  -2
 158,     1,  -7, -27, -23, -23, -31,  69,  -7, -11
 159,     1, -16,  -4,  -4,  -4,  -4, -20,  -4,  84
 160,     1,  -5,  -9,  -5,  -5, -21, -17,  87,  -5
 161,     1, -11, -23, -43, -11, -39, -11,  53, -11
 162,     1, -31,  -7,  -7, -15,  -7,  69, -15,  -7
 163,     1,  92,  -4, -12, -16,  -4,  -4,  -4,  -8
 164,     1,  -7, -11,  73,  -7,  -7, -19, -23, -35
 165,     1,  89,  -7,  -3, -15,  -3,  -3,  -3,  -3
 166,     1,  -4,  -4,  -4,  -4,  80,  -4,  -4, -16
 167,     1,  -3,  89,  -3,  -3,  -7,  -3,  -7,  -3
 168,     1,  89,  -7, -11, -23, -11, -23,  -7,  -7
 169,     1, -14,  70, -42, -14, -10, -10, -10, -10
 170,     1, -32,  -8, -16, -24, -24, -28, -32,  68
 171,     1,  -4,  -4,  -4,  -4,  92,  -4,  -4,  -4
 172,     1,  -4,  -4, -16,  -4,  -4,  92,  -4,  -4
 173,     1, -10, -10, -42, -42, -18, -10,  62, -10
 174,     1,  -2,  -2,  90,  -2,  -2,  -2,  -2,  -2
 175,     1,  -8, -40, -12,  -8, -24,  -8,  72, -40
 176,     1,  70, -14,  -6, -22, -10,  -6, -14, -10
 177,     1,  -2,  -2,  -2,  -2,  -2,  90,  -2,  -2
 178,     1,  -6,  82,  -6,  -6,  -6,  -6,  -6,  -6
 179,     1, -12,  76, -20, -36, -24,  -8, -40,  -8
 180,     1, -14, -10, -10, -38, -38,  86, -42, -10
 181,     1,  -7,  -7,  -7, -31,  -7,  -7,  73,  -7
 182,     1,  -8,  -8, -12,  -8,  -8, -36,  84, -16
 183,     1, -37, -37, -41,  -9,  -9,  75,  -9,  -9
 184,     1,  82,  -6,  -6,  -6, -22,  -6, -22,  -6
 185,     1,  -4,  -4,  -4,  92,  -4, -16,  -4, -20
 186,     1, -10,  62, -42, -10, -10, -10, -14, -10
 187,     0, -11, -19, -11, -23, -47, -11, -27, -27
 188,     0, -11, -11, -27, -27, -11, -11, -11, -31
 189,     1,  -4,  -4,  -4,  -4,  -4,  -4,  -4,  88
 190,     1, -42, -10,  58, -10, -42, -10, -22, -14
 191,     1, -33,  -9,  -9,  -9,  -9, -29, -25,  67
 192,     1,  85,  -7,  -7,  -7,  -7,  -7,  -7,  -7
 193,     0, -35, -15, -11, -31, -11, -11, -11, -43
 194,     1,  -9, -41,  -9,  -9,  -9,  -9,  63,  -9
 195,     1,  72, -36,  -8,  -8, -16, -16,  -8,  -8
 196,     1,  71,  -9, -37,  -9,  -9, -17, -21,  -9
 197,     0, -11, -27, -51, -11, -11, -19, -11, -11
 198,     1, -36, -24, -36,  -8,  -8, -40,  -8,  84
 199,     1,  -9,  -9,  83, -21, -41, -13,  -9,  -9
 200,     1, -40,  64,  -8,  -8, -12,  -8, -36,  -8
 201,     1, -36,  -8, -36,  -8,  80, -12,  -8,  -8
 202,     1, -42,  78, -10, -38, -10, -38, -10, -34
 203,     0, -42, -10, -34, -14, -26, -10, -38, -10
 204,     1,  -5, -21, -21,  -5,  87,  -5,  -5,  -5
 205,     0, -11, -43, -11, -11, -11, -19, -31, -11
 206,     1, -25,  -5,  -9,  -9,  -5,  91,  -5,  -5
 207,     1,  -9, -37,  -9, -37,  -9,  -9,  -9,  87
 208,     1,  -8, -16,  60, -16, -12,  -8,  -8,  -8
 209,     1,  -9, -41,  -9, -41, -21,  -9,  63,  -9
 210,     1, -15,  -7,  -7,  77,  -7, -31,  -7, -31
 211,     0, -39, -23, -43, -11, -11, -19, -19, -11
 212,     1,  -2,  -2,  -2,  -6,  -2,  -2,  90,  -2
 213,     1, -15, -23,  53, -35, -23, -11, -11, -11
 214,     1, -10,  -6,  -6,  -6,  78, -10, -30, -22
 215,     1,  70, -18,  -6,  -6, -30, -30, -10,  -6
 216,     0, -11, -31, -31, -11, -27, -43, -35, -11
 217,     1,  -9,  -9,  -9, -37, -37,  -9,  -9,  63
 218,     1,  -8, -16,  88,  -8,  -8,  -8, -40, -20
 219,     1, -27, -27, -35, -27, -23,  -7,  69,  -7
 220,     1, -29,  -9, -29,  63, -21,  -9,  -9, -17
 221,     1,  -5, -17,  -5,  -5,  -5,  91,  -5,  -5
 222,     1,  -2,  -2,  -2, -10,  -2,  -2,  -2,  90
 223,     1, -30, -22,  62, -26, -10, -10, -10, -10
 224,     1,  53, -15, -43, -11, -11, -39, -11, -43
 225,     0, -27, -43, -39, -43, -23, -43, -11, -19
 226,     1, -24,  -8, -16,  72, -36, -32,  -8,  -8
 227,     1, -38, -22,  58, -42, -18, -10, -42, -10
 228,     1,  84,  -8,  -8,  -8, -12,  -8,  -8, -24
 229,     1, -21,  67,  -9, -37,  -9, -13, -17,  -9
 230,     1, -30, -42,  66, -10, -10, -10, -42, -10
 231,     1, -28,  -8,  -8,  -8,  72,  -8,  -8, -24
 232,     1, -13,  -9, -41, -25, -37,  -9,  63, -33
 233,     1,  -3,  -3,  93,  -3,  -3,  -3,  -3,  -3
 234,     1,  89,  -7,  -7, -23, -11,  -7,  -7, -11
 235,     1,  62, -38, -42, -46, -42, -14, -46, -46
 236,     1,  -6,  -6, -22, -30,  -6,  78,  -6,  -6
 237,     1,  -4,  -4, -16,  88, -16,  -4,  -4,  -4
 238,     1, -26,  54, -10, -42, -42, -10, -10, -10
 239,     0, -10, -34, -10, -18, -42, -10, -42, -10
 240,     1,  74, -42, -26, -34, -30, -10, -34, -10
 241,     1, -29, -29,  71,  -9, -21,  -9, -33,  -9
 242,     1,  88,  -4,  -4,  -4,  -8,  -4, -20, -12
 243,     1,  -3,  -3,  -3,  -3,  -3, -11,  89,  -3
 244,     1, -28, -16, -28,  -8,  -8, -36, -20,  84
 245,     1, -10, -30, -26, -18, -26, -10,  58, -10
 246,     1,  -6,  -6,  -6,  70,  -6, -14,  -6, -10
 247,     1,  -3, -11,  -3,  -3,  -3,  -3,  -3,  89
 248,     1,  90,  -6, -22,  -6, -10,  -6, -18,  -6
 249,     1,  87,  -5,  -5,  -5,  -5,  -9,  -5,  -5
 250,     0, -19, -23, -15, -43, -47, -19, -11, -11
 251,     1,  -8, -32, -16,  88, -12,  -8, -24,  -8
 252,     1,  68, -36, -12, -16, -24,  -8, -24,  -8
 253,     1,  -3,  -7,  -3,  -7,  -3,  -7,  -3,  89
 254,     1,  -7,  -7, -31, -31,  81,  -7,  -7,  -7
 255,     0, -43, -15, -15, -43, -27, -11, -11, -11
 256,     1,  91,  -5,  -5, -21,  -5,  -5,  -5, -17
 257,     1, -17,  -5,  -5,  -5,  79,  -5,  -5,  -5
 258,     0, -11, -47, -11, -23, -27, -11, -11, -11
 259,     1,  60,  -8,  -8,  -8,  -8,  -8, -36, -12
 260,     1,  -4,  -4,  88,  -4,  -4,  -4,  -4,  -4
 261,     1,  -8, -16,  -8, -40,  -8,  -8, -32,  76
 262,     0, -31, -31, -11, -31, -43, -11, -43, -11
 263,     1,  -6,  90,  -6, -26, -10,  -6,  -6, -14
 264,     1, -20,  -8,  68,  -8,  -8, -12, -28,  -8
 265,     1,  77,  -7, -31,  -7,  -7,  -7,  -7, -23
 266,     1, -26,  58, -10, -10, -42, -14, -10, -46
 267,     1, -21,  -5,  -5,  -5,  -5, -21,  79,  -5
 268,     0, -11, -11, -11, -11, -11, -27, -43, -11
 269,     1, -25,  -5,  -5,  -5,  -5,  79, -21,  -5
 270,     1,  -5,  -5, -21,  -5,  -5,  87,  -5,  -5
 271,     1,  -2,  -2,  -2,  -2,  -2,  -2,  -2,  90
 272,     1,  71, -13,  -9,  -9,  -9, -37,  -9, -21
 273,     1,  -7,  -7,  89,  -7, -19, -15,  -7,  -7
 274,     1,  78,  -6, -30, -22,  -6,  -6,  -6,  -6
 275,     1, -19,  -7,  -7,  73, -15,  -7,  -7,  -7
 276,     1,  88,  -8,  -4, -16,  -4,  -8,  -4,  -4
 277,     1, -21,  -9, -25, -41, -25,  83,  -9, -33
 278,     0, -11, -19, -47, -27, -43, -31, -31, -27
 279,     1,  -4,  -4, -16,  -4, -16,  84,  -4,  -4
 280,     1,  -9,  -9,  -9,  -9, -21,  -9, -25,  67
 281,     1,  84,  -4, -12, -16,  -4,  -4, -20,  -4
 282,     1,  -4,  -4,  -4,  -4,  -4,  -4,  -4,  80
 283,     1,  75,  -9,  -9,  -9,  -9,  -9,  -9,  -9
 284,     1,  85,  -3,  -7,  -3,  -3,  -3,  -3,  -3
 285,     1,  -7,  -7,  -7, -15,  -7,  -7,  65,  -7
 286,     1,  -6, -10, -30, -22, -22,  -6, -22,  78
 287,     1,  -5,  -5,  -5,  -5, -17,  -5,  79,  -9
 288,     1,  -6,  -6,  -6,  90, -10,  -6,  -6, -26
 289,     1,  -4,  92,  -8, -16, -20, -16, -12,  -4
 290,     1,  -9,  -9,  -9, -41, -29,  63, -21, -17
 291,     1,  91,  -5,  -5,  -5,  -5,  -5,  -5,  -5
 292,     1,  -9,  71,  -9, -29, -21, -25,  -9, -25
 293,     1,  -6,  -6,  -6,  -6,  90, -10,  -6, -22
 294,     0, -11, -11, -31, -35, -11, -27, -23, -19
 295,     1,  -4,  -4, -16,  -4,  88,  -4, -20,  -4
 296,     1, -36,  68,  -8, -12, -12,  84, -32,  -8
 297,     1, -10, -10, -10, -42, -26,  82, -18, -10
 298,     1, -20,  -8,  -8,  -8,  68, -12,  -8, -20
 299,     1, -24, -16, -36, -32, -28,  76, -16,  -8
 300,     1,  82,  -6, -26,  -6,  -6,  -6,  -6,  -6
 301,     1,  75,  -9,  -9, -33,  -9,  -9, -25,  -9
 302,     0, -31, -11, -11, -11, -23, -43, -31, -11
 303,     1,  60,  -8, -12,  -8,  -8,  -8,  -8,  -8
 304,     1,  -2,  -2,  -6,  -2,  -2,  94,  -2,  -2
 305,     1,  -9,  -9,  -9, -25,  -9, -17,  -9,  67
 306,     1,  -5,  83,  -5, -17,  -5, -17,  -5,  -5
 307,     1, -22, -42, -10, -38, -34,  54, -26, -10
 308,     1, -10, -10, -10, -10,  58, -42, -10, -10
 309,     1, -15,  89,  -3,  -7,  -7,  -7,  -3,  -3
 310,     1,  -5,  -5,  -5,  -5,  -5,  91,  -5,  -5
 311,     1,  -6,  -6, -30,  -6,  -6,  -6,  86, -14
 312,     0, -27, -11, -47, -11, -11, -27, -11, -11
 313,     1,  -4,  -4,  -8,  -4,  -4,  -4,  -4,  80
 314,     1, -29, -25, -41,  -9, -37,  79, -25,  -9
 315,     1,  -3,  93, -11,  -3, -15,  -3,  -3,  -7
 316,     1, -30,  -6, -30,  -6,  -6,  90,  -6,  -6
 317,     1, -13, -21,  71, -29, -33, -29, -37,  -9
 318,     1, -30, -42, -10, -42, -10, -14, -42,  66
 319,     1,  -6,  -6,  -6,  -6,  86, -18,  -6,  -6
 320,     0, -11, -11, -11, -43, -15, -47, -11, -43
 321,     1, -12, -32,  -8, -16,  -8,  -8,  -8,  88
 322,     0, -11, -11, -11, -43, -31, -11, -31, -11
 323,     1,  -8,  -8,  -8, -28, -36, -28,  -8,  64
 324,     1, -13,  -5,  -9,  -5,  -5,  -5,  79, -13
 325,     0, -22, -10, -38, -22, -18, -26, -10, -14
 326,     0, -43, -15, -11, -11, -35, -23, -43, -19
 327,     1,  92,  -4,  -4, -16, -16,  -4,  -4,  -4
 328,     1,  -4,  -4,  92,  -4,  -4,  -4,  -4,  -4
 329,     1, -14,  74,  -6, -14,  -6,  -6,  -6,  -6
 330,     1,  -6, -18, -22, -26, -26,  -6,  -6,  78
 331,     1,  -5,  87,  -5,  -5,  -5,  -9,  -5,  -9
 332,     1,  -7,  -7, -15,  -7,  89, -35,  -7,  -7
 333,     1,  -9,  -5,  -5,  79, -21,  -5, -17,  -9
 334,     1, -34, -18, -10, -10, -18, -26, -10,  58
 335,     0, -19, -11, -19, -11, -11, -11, -11, -43
 336,     1,  70,  -6,  -6,  -6, -26,  -6,  -6, -18
 337,     0, -11, -11, -31, -43, -11, -35, -11, -11
 338,     0, -11, -11, -11, -35, -43, -19, -43, -11
 339,     1,  -4, -12, -12,  -4,  -4,  -4,  80,  -4
 340,     1,  -7,  -3,  -3,  -3,  -3,  -3,  -3,  89
 341,     1,  -3,  -3,  -3, -11,  93,  -3, -11,  -3
 342,     1, -11,  -3, -11,  -3,  93,  -3,  -3,  -3
 343,     1,  -7,  -7,  85, -15, -31, -23,  -7,  -7
 344,     1,  -3,  -3,  -3,  93,  -3,  -3,  -3,  -3
 345,     1,  -4, -20,  -4,  -4,  -4,  -4,  -4,  92
 346,     0, -11, -11, -11, -11, -31, -11, -43, -35
 347,     1,  58, -42, -10, -10, -10, -30, -38, -10
 348,     1,  -4,  88,  -4,  -4,  -4, -20,  -4,  -4
 349,     1,  -7,  -3,  -3,  -3,  -3,  -3,  -3,  93
 350,     1,  -8,  -8,  -8, -20,  -8,  -8,  76, -16
 351,     1,  -8,  88, -16, -32, -28,  -8,  -8,  -8
 352,     0, -31, -11, -43, -23, -11, -27, -11, -11
 353,     1,  -8,  80,  -8, -20,  -8,  -8,  -8, -24
 354,     0, -27, -43, -35, -15, -11, -43, -27, -19
 355,     1,  -9, -29,  -9, -41, -37, -29,  67,  -9
 356,     1,  -9,  -9,  -9,  -9,  -9,  -9,  67, -29
 357,     1,  70, -10, -46, -38, -10, -22, -18, -26
 358,     1,  91,  -5,  -5,  -5,  -5,  -5,  -5, -17
 359,     1,  -3,  -3, -11,  -3,  -3,  93, -11,  -3
 360,     0, -10, -42, -18, -42, -10, -10, -18, -42
 361,     1, -38, -34, -10, -22, -10, -10,  58, -10
 362,     1,  -4,  -4,  92, -12,  -4,  -4,  -4,  -4
 363,     1,  -8, -16,  -8,  -8, -40,  80,  -8,  -8
 364,     1,  -8,  -8,  -8,  72,  -8,  -8,  -8, -12
 365,     1, -26, -10, -26,  -6,  90,  -6, -18,  -6
 366,     1, -30, -18, -26, -18,  90, -10,  -6, -26
 367,     0, -47, -11, -11, -47, -43, -31, -43, -11
 368,     0, -11, -35, -47, -15, -11, -11, -27, -11
 369,     1,  83,  -5,  -5,  -5,  -5, -25,  -5,  -5
 370,     1,  -9, -13,  59,  -9,  -9, -25,  -9,  -9
 371,     1, -17,  -5,  -5, -17,  -5,  -5,  83,  -5
 372,     1,  86,  -6, -10,  -6, -10,  -6,  -6,  -6
 373,     1,  70,  -6, -18,  -6, -26,  -6,  -6,  -6
 374,     1,  -4,  92,  -4,  -8,  -4,  -4,  -4,  -4
 375,     1,  -6,  -6, -18,  -6,  -6,  -6,  78, -14
 376,     1,  -8,  -8, -12, -20, -32, -28,  64, -40
 377,     1,  90,  -6,  -6, -30,  -6, -10, -10,  -6
 378,     1, -40,  -8,  -8,  -8,  -8,  -8,  60, -20
 379,     1, -30,  -6,  -6,  -6,  -6,  -6,  -6,  90
 380,     0, -14, -10, -10, -34, -10, -18, -14, -10
 381,     0, -43, -19, -43, -11, -11, -23, -11, -15
 382,     0, -43, -11, -39, -11, -11, -11, -23, -11
 383,     1,  -6,  -6,  -6,  -6,  -6, -18,  82, -22
 384,     1,  -9, -13, -17,  -9,  -9,  -9,  87,  -9
 385,     1,  -8,  -8,  -8,  -8, -28, -32,  64, -32
 386,     1,  -8,  76, -16, -32, -28, -40,  -8,  -8
 387,     1,  -3,  85,  -3,  -3,  -3,  -3,  -3,  -3
 388,     1,  -7,  -3,  -3,  89,  -3, -11,  -3,  -3
 389,     1,  -5,  -5,  -5,  83,  -5,  -5,  -5,  -5
 390,     1,  -4, -16,  -4, -12, -12, -16,  80,  -4
 391,     1,  -7,  -7,  -7,  -7,  -7,  -7,  65, -23
 392,     1, -27,  73,  -7,  -7,  -7,  -7, -27, -15
 393,     1, -22,  74, -26,  -6,  -6, -10,  -6, -22
 394,     1, -29, -21,  -9,  71, -13,  -9, -25,  -9
 395,     1,  -3, -11,  -3,  -3,  -3,  -3,  -3,  85
 396,     1,  79, -17,  -5,  -5,  -5,  -5,  -5,  -5
 397,     0, -11, -11, -11, -43, -43, -27, -11, -11
 398,     1,  -9,  -9,  -9, -21,  -9,  -9,  59,  -9
 399,     1, -15,  -3, -15,  -7,  -3, -15,  89, -11
 400,     1, -38,  66, -10, -38, -18, -10, -10, -10
 401,     1, -12, -32, -16,  -8,  -8,  64,  -8,  -8
 402,     1,  -9,  -9,  75,  -9, -21,  -9,  -9,  -9
 403,     0, -11, -11, -11, -11, -11, -11, -43, -19
 404,     1,  90,  -2,  -6,  -2,  -2,  -2,  -2,  -2
 405,     1, -21,  -5,  -5,  -5,  -5,  83,  -5,  -5
 406,     1,  71, -21,  -9, -17,  -9, -41, -17,  -9
 407,     1,  78,  -6, -10,  -6,  -6,  -6, -14,  -6
 408,     1,  -5, -17,  -5,  91, -17,  -5,  -9, -25
 409,     0, -11, -11, -11, -15, -11, -27, -19, -11
 410,     1,  -3,  89, -15,  -3,  -3,  -3,  -3,  -3
 411,     0, -18, -38, -10, -10, -42, -10, -26, -42
 412,     1, -31,  -7, -35, -11,  89,  -7,  -7, -19
 413,     0, -10, -10, -10, -46, -14, -26, -38, -14
 414,     1, -10, -10,  82, -30, -10, -10, -42, -38
 415,     1,  -5,  -5,  -5,  -5, -17,  -5,  79,  -9
 416,     1,  -6, -26,  90, -26,  -6,  -6,  -6, -26
 417,     1,  -6,  -6, -22, -26,  78, -22, -30, -30
 418,     1,  -4,  -4,  88,  -4,  -8,  -4, -20, -16
 419,     1,  -6,  -6, -26,  -6, -26, -30, -26,  74
 420,     1, -26,  78,  -6,  -6,  -6,  -6, -26, -22
 421,     1,  -7,  -7,  -7,  -7,  69,  -7,  -7,  -7
 422,     1,  -9, -41,  71, -21, -33,  -9, -41,  -9
 423,     1, -19,  -7, -11, -19,  89,  -7,  -7, -27
 424,     1, -11, -31, -11,  53, -19, -35, -15, -15
 425,     1,  81,  -7, -35, -23, -27,  -7,  -7,  -7
 426,     1, -12, -20,  -8,  -8,  -8,  -8,  68,  -8
 427,     1,  -5,  87,  -5, -25,  -5,  -5,  -5,  -5
 428,     1,  79, -25,  -5,  -5,  -5,  -5,  -5, -17
 429,     1,  85, -15, -35, -35,  -7,  -7,  -7,  -7
 430,     0, -11, -11, -39, -11, -11, -11, -11, -31
 431,     1,  -3,  -3,  -3,  -3,  89,  -3,  -3,  -3
 432,     0, -10, -10, -42, -10, -30, -18, -18, -10
 433,     1,  -5,  83, -25,  -5, -17,  -5,  -5,  -5
 434,     1,  -5,  -5, -17, -21, -25, -13,  -5,  83
 435,     1, -10, -10, -42, -22,  54, -14,  62, -10
 436,     1,  -6,  -6, -14,  74,  -6, -22,  -6,  -6
 437,     1,  -4,  -4,  84, -16,  -4,  -4,  -8,  -4
 438,     1,  -3,  -3, -11,  -3,  -3,  -3,  85, -15
 439,     1,  -6,  -6, -10,  -6,  -6,  -6,  -6,  90
 440,     1, -10, -42,  70, -10, -42, -42, -10, -10
 441,     1,  -4,  -4,  -4,  -8,  -8,  -4,  -4,  92
 442,     1,  -5,  -5, -17,  -5,  -5,  -5,  87,  -5
 443,     1,  -5, -25,  -5,  -5, -13,  -5,  79,  -5
 444,     1,  79, -25,  -5,  -5,  -5,  -5,  -5, -17
 445,     1,  -8,  -4,  -4,  92,  -4,  -4,  -4,  -4
 446,     1,  -3,  -3,  -3,  -3,  -3,  93,  -3,  -3
 447,     1, -12,  -4,  88,  -4,  -4,  -4,  -4,  -4
 448,     1, -30, -10, -10, -42, -26, -30,  78, -10
 449,     1,  -8,  -8, -12,  -8,  -8, -32,  -8,  76
 450,     1,  -3,  -3,  -3,  -3,  89,  -3,  -3,  -3
 451,     1, -40,  -8, -36,  60,  -8, -20, -12,  -8
 452,     1,  -9,  -5,  91,  -5,  -5,  -5,  -5,  -5
 453,     1, -12, -12,  -4,  88,  -4,  -4,  -4,  -4
 454,     0, -11, -11, -43, -11, -35, -35, -11, -11
 455,     1,  -4,  92,  -4,  -4,  -4,  -4, -16,  -4
 456,     1,  -7,  -7,  77, -11,  -7,  -7,  -7,  -7
 457,     1,  -3,  -3,  -7,  -3,  -3,  93, -15,  -3
 458,     1, -16,  84, -20,  -4,  -4,  -4, -16,  -8
 459,     1, -13,  -5,  -5,  83,  -5,  -5,  -5,  -5
 460,     1,  -7, -19,  -7, -11,  -7,  65,  -7, -15
 461,     1,  -4,  -4,  -8,  -4,  -4,  -4,  -4,  84
 462,     1,  -4, -16,  -4,  -4,  -4,  80, -16,  -4
 463,     1,  -3,  -3,  -3, -15,  -3,  -3,  89,  -3
 464,     0, -11, -11, -23, -43, -43, -11, -43, -43
 465,     1,  -6,  82,  -6, -26, -10,  -6, -18,  -6
 466,     1,  -7,  -7,  77,  -7,  -7,  -7,  -7,  -7
 467,     1,  -4,  -4, -20,  -8,  -4,  -4,  -4,  88
 468,     1,  -7,  -7,  -7, -15, -19,  -7,  89,  -7
 469,     1,  -5,  -5, -21,  -5,  83,  -5,  -5,  -5
 470,     1, -16, -12, -16,  -8,  88, -12,  -4,  -4
 471,     1, -36,  -8, -36,  -8, -32,  -8, -28,  72
 472,     1,  -4, -12,  -4,  84,  -4,  -4,  -4,  -4
 473,     0, -18, -42, -26, -10, -30, -10, -10, -22
 474,     1, -35, -31, -27, -19,  89,  -7, -15,  -7
 475,     1,  -2,  90,  -2,  -2,  -2,  -2,  -2,  -2
 476,     1,  -4,  -4,  -4,  -4,  -4,  -4,  -4,  84
 477,     0, -19, -11, -19, -11, -11, -15, -39, -43
 478,     0, -15, -11, -43, -51, -15, -43, -43, -11
 479,     0, -35, -11, -43, -35, -11, -11, -43, -11
 480,     1,  -6,  -6,  86, -10, -10,  -6,  -6,  -6
 481,     1, -13, -17,  83,  -5,  -5, -13,  -5,  -5
 482,     1,  -2,  -2,  -2,  -2,  -2,  -2,  94,  -2
 483,     1,  -8,  76, -16, -40, -40,  -8,  -8,  -8
 484,     1,  -3,  -3,  85,  -3,  -3,  -3,  -3,  -3
 485,     0, -10, -26, -10, -10, -38, -10, -10, -10
 486,     1, -27,  -7, -23,  -7,  85, -11, -19,  -7
 487,     1,  -6,  -6,  86,  -6, -14, -14, -26, -22
 488,     1,  -9,  91,  -5,  -5,  -5,  -5,  -5,  -5
 489,     1, -36,  -8, -20,  -8,  72, -16, -20, -32
 490,     1,  -9, -21,  75, -33,  -9, -17,  -9, -37
 491,     1, -17,  -5,  -5,  -5,  83,  -5, -13,  -5
 492,     1,  -6,  -6, -22,  -6, -26, -10,  90,  -6
 493,     1,  -9,  -9,  -9,  -9,  -9,  67, -33,  -9
 494,     0, -15, -11, -27, -11, -43, -31, -11, -11
 495,     1,  84,  -8, -28, -16,  -8,  -8,  -8, -20
 496,     1,  -9,  -9,  -9,  -9, -17,  -9,  -9,  83
 497,     1,  -8, -20, -28, -24, -24, -24,  88,  60
 498,     1, -24,  -8,  84,  -8,  -8,  -8, -20, -12
 499,     1,  -4,  -4,  -4,  -4,  -4,  88,  -4, -20
 500,     1,  -9,  -9, -41, -29,  -9, -17, -25,  59
 501,     1,  -5,  -5,  -5, -17, -13,  83,  -5,  -5
 502,     1, -36,  -8,  -8, -36,  88, -32, -28, -20
 503,     1,  94,  -2,  -2,  -2,  -2, -10,  -2,  -2
 504,     1,  -4,  -4,  -4,  -4,  -8, -16,  -4,  88
 505,     0, -11, -11, -43, -23, -11, -31, -11, -43
 506,     0, -11, -11, -35, -23, -43, -11, -23, -11
 507,     1,  -8,  -8,  -8,  -8,  -8, -24,  72,  -8
 508,     1,  -8,  -8,  -8, -20,  -8, -36,  68, -24
 509,     1,  -7,  -7, -27,  -7,  -7, -27,  81,  -7
 510,     0, -15, -35, -11, -35, -31, -11, -11, -19
 511,     1, -27,  81, -19, -27, -27,  -7, -15,  -7
 512,     1,  70,  -6,  -6, -18,  78, -18,  -6, -10
 513,     1, -20,  -4,  -4,  -8, -12,  -4,  92, -16
 514,     1,  -9, -21, -37, -13, -25,  -9,  83,  -9
 515,     1,  -8,  64,  -8, -20,  -8,  -8, -24, -24
 516,     1, -10, -18, -30, -18,  62, -30, -42, -42
 517,     0, -43, -27, -35, -23, -11, -23, -11, -11
 518,     1,  -7,  -7, -27,  -7,  81,  -7,  -7,  -7
 519,     1,  -3, -15,  -3,  -3,  89,  -3,  -3,  -3
 520,     0, -11, -43, -19, -11, -11, -11, -11, -11
 521,     1, -13, -13,  -5,  -5,  83, -13,  -5, -13
 522,     1, -16,  -4,  -4, -12,  84,  -4,  -4,  -4
 523,     1,  -4,  84,  -4,  -4,  -4,  -4,  -4,  -4
 524,     1, -18, -46, -38, -30, -10, -10, -42,  54
 525,     1,  -3,  -3, -11,  -3,  93,  -3,  -3,  -3
 526,     1, -22, -22, -26,  -6,  -6,  -6,  -6,  86
 527,     1,  81, -31, -19, -11,  -7,  -7,  -7, -19
 528,     1, -17,  63,  -9,  71, -25,  -9, -33, -41
 529,     0, -31, -19, -19, -11, -11, -11, -35, -11
 530,     1,  84,  -4,  -8, -12,  -4,  -4,  -4,  -4
 531,     1,  -4,  -4,  -4,  -4,  -4,  -4,  -8,  84
 532,     1, -18, -10,  82,  -6, -10,  -6,  -6,  -6
 533,     1,  -9,  -9,  -9, -29, -41,  67, -33, -21
 534,     1,  -9,  -9, -37,  -9,  67, -25,  -9, -21
 535,     0, -11, -11, -43, -11, -11, -27, -15, -19
 536,     1,  -8, -12,  64, -28, -32,  -8, -24,  -8
 537,     0, -11, -39, -27, -43, -11, -19, -11, -47
 538,     1,  -4,  80,  -4, -12,  -4,  -4,  -4,  -4
 539,     1,  94,  -2,  -2,  -2,  -2,  -2,  -2, -10
 540,     1,  63,  -9, -41,  -9,  -9,  67,  -9, -13
 541,     1,  -4,  -4,  84,  -4,  -4,  -4, -16, -16
 542,     1,  -7,  -7,  85,  -7,  -7,  -7,  -7, -31
 543,     1, -21,  79,  -5, -21,  -5,  -5,  -5,  -5
 544,     1,  -7,  -7,  69, -27,  -7, -31,  -7, -35
 545,     1, -28,  -8,  -8,  -8,  -8, -32,  60,  -8
 546,     1,  90,  -2,  -2,  -2,  -2,  -2,  -2,  -2
 547,     1, -30,  90,  -6, -10,  -6,  -6, -26,  -6
 548,     1, -28, -32,  -8,  -8, -40,  -8,  88,  -8
 549,     1,  -7,  77, -31, -23, -15, -23,  -7,  -7
 550,     1,  -3,  -7,  -3,  85,  -7,  -3,  -3,  -3
 551,     1,  -4, -12,  92, -16,  -4,  -4,  -4,  -4
 552,     1,  84, -20,  -4,  -4,  -4, -12,  -8,  -4
 553,     1,  -5,  -5,  -5,  -5, -13,  83,  -5,  -5
 554,     1, -23, -31, -11, -31,  -7, -15,  -7,  69
 555,     1,  -9, -37, -33,  59,  -9, -37,  -9,  -9
 556,     1, -14, -18, -10, -10, -10, -38,  58, -42
 557,     1, -36,  -8,  -8,  -8, -24,  -8,  -8,  88
 558,     1, -33,  75,  -9,  -9, -41,  -9, -29, -33
 559,     1, -26,  82,  -6, -22,  -6,  -6, -14,  -6
 560,     1,  63, -41,  -9, -41,  -9, -25,  -9, -37
 561,     1, -24, -24,  -8,  -8,  64, -24,  -8,  -8
 562,     1,  62, -38, -42, -26, -42, -10, -42, -22
 563,     1,  -9,  -5,  -5,  79,  -5,  -5,  -5, -17
 564,     0, -26, -10, -10, -42, -22, -14, -14, -42
 565,     1,  86,  -6,  -6,  -6,  -6,  -6,  -6,  -6
 566,     0, -39, -27, -15, -11, -43, -31, -19, -11
 567,     1,  89,  -3,  -3,  -3,  -7,  -3,  -3,  -3
 568,     1,  -4,  -4,  -4,  -4, -12,  88,  -4,  -4
 569,     1,  -4,  -8, -20, -20,  -4,  88,  -4,  -4
 570,     1,  79, -21, -21,  -5,  -5,  -9,  -5, -13
 571,     1, -21,  83, -21,  -9, -33, -41, -37,  -9
 572,     1, -26, -10, -10, -10, -10, -30, -14,  66
 573,     1,  -7,  -7,  -7,  -7, -31, -15,  -7,  77
 574,     1,  -7, -19,  -7,  -7,  -7,  -7,  73,  -7
 575,     1,  -8,  -8, -32,  -8,  72, -16, -20,  -8
 576,     1,  -5,  -5,  -5, -25,  -5,  -5, -21,  91
 577,     1,  -9, -17, -21, -37,  -9,  75,  -9, -29
 578,     1, -26, -38, -10, -10, -10, -10, -10,  58
 579,     1, -10, -10, -10, -30, -10, -10,  66, -30
 580,     0, -10, -10, -10, -10, -10, -10, -10, -10
 581,     1, -17,  83, -37, -13, -41, -21,  -9, -29
 582,     1,  93, -11,  -3,  -3,  -3,  -3, -15,  -7
 583,     1,  -9,  -9,  -9, -13,  71,  -9, -25, -33
 584,     1,  -6,  86, -26, -18,  -6, -14,  -6,  -6
 585,     1, -36,  -8,  76, -28,  -8, -32,  -8,  -8
 586,     1,  -9,  -9,  -9,  75,  -9,  -9,  -9,  -9
 587,     1,  -8,  -8, -28, -16, -28, -32,  72,  -8
 588,     1,  -4, -12,  -4,  -4,  88,  -8,  -4, -16
 589,     1,  -3,  89,  -3,  -3,  -3,  -3,  -3,  -7
 590,     1,  90, -10,  -2,  -2,  -2,  -2,  -2,  -2
 591,     1,  -5,  -5, -17,  -9, -21,  -5, -17,  83
 592,     1,  84, -12,  -4,  -4,  -4,  -4,  -4, -20
 593,     1,  -3,  -3,  -3, -11,  -3,  93,  -3,  -3
 594,     1,  -4,  -4,  -4, -20,  -4, -16,  -4,  80
 595,     1,  -3,  -3,  -3,  -3, -15,  -3,  89,  -3
 596,     1,  -4,  -8,  -4,  -4, -16, -12, -12,  84
 597,     0, -39, -35, -31, -11, -11, -11, -11, -11
 598,     1,  -6,  -6,  -6,  -6, -14,  -6,  90,  -6
 599,     1,  -8,  -8,  -8,  72,  -8,  -8, -36,  -8
 600,     0, -10, -10, -42, -10, -10, -30, -10, -42
 601,     1, -10, -18,  -6,  -6,  -6,  -6,  82,  -6
 602,     1, -10, -42, -26,  66, -10,  58,  66, -10
 603,     1,  -5,  -5,  -5, -17, -13, -25, -21,  79
 604,     1, -21,  -5,  91, -17,  -5,  -5,  -5, -13
 605,     1, -16,  88,  -4, -16, -20,  -4,  -4,  -4
 606,     1,  92, -20,  -4,  -4,  -4,  -4,  -4,  -4
 607,     1,  -5,  -5, -17, -13,  -5,  -5,  -5,  83
 608,     1,  -6,  90,  -6,  -6,  -6,  -6,  -6, -22
 609,     1,  -6,  74,  -6,  -6,  -6, -18, -26, -26
 610,     1, -38, -22, -18, -18,  58,  66, -10, -10
 611,     1,  87,  -5,  -5, -13,  -5, -21, -21,  -5
 612,     1,  -5,  -5,  -5,  -5,  -5,  83,  -5, -17
 613,     1, -28,  -8, -16,  76, -32,  -8, -16,  -8
 614,     1,  -8, -16, -20,  -8,  -8, -36,  -8,  80
 615,     1,  -6, -26,  -6,  -6,  -6, -18,  70, -18
 616,     1,  84,  -4,  -8,  -4,  -4,  -4,  -4,  -8
 617,     1,  -9, -13,  -5,  -5,  -5,  79,  -5,  -5
 618,     1,  -2,  -2,  -2,  -2,  -2, -10,  90,  -2
 619,     1,  -4, -20,  -4, -12,  -4,  -4,  -4,  88
 620,     1, -11,  -3,  -3,  -3, -15, -11,  -3,  93
 621,     0, -10, -14, -10, -10, -10, -30, -22, -10
 622,     1, -21,  -9, -17,  67, -21,  -9, -41, -37
 623,     1, -16,  -4,  80,  -8, -16, -12, -12,  -4
 624,     1,  -8,  84,  -4,  -4,  -4,  -4,  -4,  -4
 625,     1,  -4,  -4,  -8,  84,  -4, -12,  -4, -12
 626,     1,  -6,  -6, -26,  82, -18,  -6,  -6, -14
 627,     1,  62, -10, -10, -10, -10, -10, -14, -10
 628,     1,  -6,  90,  -6, -18, -10,  -6,  -6,  -6
 629,     1, -10,  -2,  -6,  90,  -2,  -2,  -2,  -2
 630,     1,  -4,  -4,  88, -20,  -4,  -4,  -4,  -4
 631,     1,  -5,  -5,  -9,  -5, -17,  -5,  87, -17
 632,     1,  -4,  -8,  84,  -4, -16, -20,  -4,  -4
 633,     1, -41,  63,  -9,  -9,  59, -21,  -9,  -9
 634,     1,  86,  -6, -26, -14,  -6, -22,  -6,  -6
 635,     1,  -8,  -8,  -8,  68, -20,  -8,  -8,  -8
 636,     0, -31, -19, -51, -39, -47, -11, -11, -11
 637,     1,  -4,  -4,  -4,  -4,  -4,  -4,  -4,  84
 638,     1, -18,  -6,  -6,  -6,  -6, -14,  -6,  82
 639,     0, -11, -27, -15, -19, -43, -43, -11, -39
 640,     1,  70,  -6, -26,  -6,  -6,  -6,  -6, -22
 641,     1,  79, -21, -21, -17, -13,  -5,  -9, -13
 642,     1,  -5,  -5,  -5,  87,  -9,  -5, -25,  -5
 643,     1,  92,  -4,  -4,  -4,  -4,  -4,  -4, -12
 644,     1,  -6,  -6,  -6, -18,  -6,  -6, -22,  70
 645,     1, -24,  72,  -8,  -8, -12, -36, -24, -28
 646,     1, -10, -18,  70, -34, -10, -10, -10, -26
 647,     1,  -9,  -9,  -9, -41,  -9,  -9, -29,  63
 648,     1,  -6,  -6, -22,  -6,  74, -10, -18, -22
 649,     0, -11, -31, -23, -11, -43, -39, -19, -11
 650,     1,  -5,  -5,  -5,  83,  -5,  -5,  -5, -13
 651,     1,  59, -33,  -9,  -9,  -9,  59, -33, -21
 652,     0, -11, -11, -11, -11, -43, -43, -11, -11
 653,     1,  -4,  -4,  -4,  -4,  -4,  -4,  92,  -4
 654,     1, -24,  -8,  76,  -8, -24, -28, -20,  -8
 655,     1,  -7,  -7, -31,  -7, -31,  73, -31,  -7
 656,     1, -11,  -7,  -7,  65,  -7, -15,  -7,  -7
 657,     1,  -4,  -4, -12,  -4,  -4,  88, -12,  -4
 658,     1, -23, -43, -11, -43, -43, -11, -11,  53
 659,     1,  -8,  -8, -24, -20,  -8, -32,  88, -16
 660,     0, -47, -43, -11, -31, -43, -35, -11, -27
 661,     1,  91,  -5,  -9, -25,  -5,  -5,  -5,  -5
 662,     1,  78, -26,  -6,  -6,  -6,  -6,  -6,  -6
 663,     1,  78,  -6,  -6,  -6,  -6, -10, -10,  -6
 664,     1, -10, -10, -30,  66, -18, -18, -10, -22
 665,     1, -29,  -9, -29, -29, -17, -41,  -9,  63
 666,     1,  -6, -10, -14,  -6,  -6,  74, -14, -18
 667,     1,  -2,  -2,  -2,  94,  -2,  -6,  -2,  -2
 668,     1,  -8,  60,  -8,  -8,  -8,  -8,  -8,  -8
 669,     1, -10, -42, -10,  78, -18, -10, -18, -10
 670,     1,  -9, -37,  71,  -9,  -9,  -9, -13, -41
 671,     1,  -9,  83,  -9,  -9,  -9, -21,  -9, -29
 672,     1, -30,  -6,  -6,  -6,  90,  -6,  -6, -10
 673,     1, -34, -26, -10, -14,  70, -10, -22, -10
 674,     1,  -8,  60, -24,  -8,  -8,  -8,  -8, -24
 675,     1,  89,  -3,  -7,  -7,  -3,  -3,  -3,  -3
 676,     0, -43, -11, -23, -11, -43, -15, -11, -31
 677,     0, -19, -11, -35, -43, -11, -11, -11, -11
 678,     1, -12,  -4,  -4, -16,  -4,  -4,  -4,  92
 679,     1,  -3,  -3,  -3,  -3, -11,  -3,  89,  -3
 680,     1, -11,  -7,  81,  -7,  -7,  -7,  -7, -19
 681,     0, -10, -34, -10, -34, -42, -10, -18, -18
 682,     1, -33,  -9, -41,  -9,  -9, -37,  -9,  67
 683,     1, -10, -38, -42,  78, -10, -18, -46, -10
 684,     1,  -4,  -4,  -4,  -4,  -4,  -4,  -8,  88
 685,     1, -26, -42, -30, -42, -42, -10, -42,  70
 686,     1,  -4,  -4,  -4,  88,  -4,  -4,  -4,  -4
 687,     1,  -9,  -9, -13,  -9,  -9,  59,  -9, -21
 688,     1, -42, -10, -18, -10, -22,  70, -10, -10
 689,     1,  -5, -17, -25,  -5,  91, -17,  -5,  -5
 690,     1, -17,  -9,  -9,  63, -41,  -9,  -9,  -9
 691,     1,  -8, -12, -16, -20,  -8,  84,  -8, -24
 692,     1,  -5,  -5,  -5,  -5,  -5,  -5, -25,  79
 693,     0, -27, -11, -11, -11, -11, -39, -47, -43
 694,     1,  -4,  -4,  -4,  -4,  -8,  88, -16,  -4
 695,     1, -31,  -7, -11,  -7,  -7,  -7,  69, -11
 696,     1,  -3,  89,  -3,  -3,  -3,  -7,  -3,  -3
 697,     1,  -6, -26,  74,  -6, -26,  -6,  -6,  -6
 698,     1,  61, -11, -27, -11, -11, -11, -11, -27
 699,     1,  -6,  -6,  -6, -26,  90,  -6,  -6,  -6
 700,     1, -42, -10, -10,  62, -26, -42, -42, -14
 701,     1, -36,  -8,  -8,  -8,  -8,  64, -28, -12
 702,     1,  -8, -24, -28, -32,  -8,  -8,  68,  -8
 703,     1, -41,  -9,  -9, -29, -41, -17,  67,  -9
 704,     1,  -6,  -6, -22,  -6,  -6,  -6,  86,  -6
 705,     1,  -3,  89,  -3,  -3,  -3,  -3,  -3,  -3
 706,     1,  -6, -14, -18, -14,  -6,  -6,  78,  -6
 707,     1,  85,  -3,  -3,  -3,  -3, -15,  -3,  -3
 708,     0, -11, -11, -11, -11, -47, -35, -31, -23
 709,     1,  -8,  -4,  88,  -8,  -4, -16, -20,  -4
 710,     1,  78, -14, -14,  -6,  -6,  -6,  -6, -22
 711,     1, -16,  -8,  64, -36,  -8,  -8,  -8,  -8
 712,     1,  -3,  -3, -15,  -7, -15,  89,  -3,  -7
 713,     1, -13,  -5,  -5,  79, -21,  -5,  -5,  79
 714,     1, -11,  85,  -3,  -3,  -3,  -3,  -3,  -3
 715,     1, -11, -11, -11, -47,  57, -27, -11, -35
 716,     1,  -5,  -5,  83, -21,  -5,  -5,  -5,  -5
 717,     1,  69,  -7,  -7,  -7,  -7,  -7, -31,  -7
 718,     1, -18, -22,  -6,  -6,  -6, -10,  82,  -6
 719,     1,  -4,  -4,  92,  -4,  -4,  -4,  -4,  -4
 720,     1,  -7,  -7,  -7,  -7, -27, -31, -31,  81
 721,     1,  92, -12,  -4,  -4,  -4, -12,  -4,  -4
 722,     1,  66, -14, -22, -10, -10, -34, -42, -26
 723,     1,  -5,  -5,  -5,  83,  -5,  -5,  -5,  -9
 724,     1, -27,  -7, -31,  89,  -7, -19,  -7,  -7
 725,     1, -21, -25,  -5, -21,  -5,  -5,  91,  -5
 726,     1,  -3, -11,  89,  89,  -3,  -3, -11, -11
 727,     1,  -8, -24,  -8, -20, -32, -28,  -8,  60
 728,     1, -10, -10,  62, -42, -10, -34, -10, -10
 729,     1,  86,  -6,  -6, -10,  -6,  -6,  -6, -26
 730,     1,  -3,  -3,  -3,  89,  -3,  -3,  -3,  -3
 731,     1,  -8,  -8,  -8,  76,  -8, -40, -28,  -8
 732,     1,  -6, -22,  74,  -6,  -6,  -6,  -6, -22
 733,     1,  -7,  81,  -7,  -7, -27,  -7, -15,  -7
 734,     1,  -8,  -8, -32,  -8,  -8, -24, -16,  60
 735,     1,  -4,  -4,  -4,  -4,  -4,  88,  -4, -20
 736,     1, -22, -30,  74,  -6,  -6, -30, -18,  -6
 737,     1, -36,  -8,  -8,  -8,  76,  -8,  -8,  -8
 738,     1, -17,  63,  -9, -17,  -9,  -9, -21,  -9
 739,     1,  71,  -9, -33,  -9,  -9, -41,  -9, -25
 740,     1,  -8,  60,  -8, -20, -36, -28,  -8, -16
 741,     1, -16,  -8,  68, -24, -28,  -8, -36,  -8
 742,     1,  -5,  -5, -13,  -5, -13,  91, -21,  -5
 743,     1,  -3,  -3,  -7,  89,  -3,  -3,  -3,  -3
 744,     1,  -3,  -3,  -3,  -3,  85,  -3,  -3,  -3
 745,     1,  -8, -24, -28,  -8, -40,  -8,  -8,  68
 746,     0, -31, -11, -11, -19, -15, -11, -31, -27
 747,     1,  -4,  -4,  -8,  92, -12,  -4,  -4, -16
 748,     1, -26, -22, -18,  -6,  78, -26,  -6,  -6
 749,     0, -23, -11, -11, -23, -35, -31, -39, -47
 750,     1,  -9,  -9,  -9,  63, -33,  -9,  -9,  -9
 751,     1,  -7,  -7,  77, -11,  -7,  -7, -11,  -7
 752,     1,  -4,  -4,  92,  -4, -16,  -4,  -4,  -4
 753,     1,  -8,  80,  -4,  -4,  -4, -16,  -4, -16
 754,     1, -12,  -8,  -8, -20,  76, -20,  -8, -24
 755,     1,  90,  -6,  -6, -14,  -6,  -6, -14,  -6
 756,     1,  -2,  -2,  -2,  -2,  94,  -2,  -2,  -2
 757,     1,  -4,  -4,  92, -12,  -4,  -4,  -4,  -4
 758,     0, -11, -11, -23, -31, -19, -35, -39, -31
 759,     1, -26, -22, -26,  86,  -6, -18,  -6,  -6
 760,     0, -10, -10, -10, -42, -10, -10, -42, -42
 761,     1, -31,  -7,  -7,  -7,  89, -19,  -7, -19
 762,     1,  -4,  -8,  -8,  88, -16,  -4,  -4,  -4
 763,     1, -11, -11, -39,  53, -39, -11, -11, -11
 764,     1,  -6,  78, -26,  -6,  -6, -14, -14,  -6
 765,     1,  79,  -9, -17,  -5, -21,  -5,  -5,  -5
 766,     1,  -5,  -5, -13,  -5,  -9,  -5,  91,  -5
 767,     0, -30, -10, -14, -10, -22, -10, -18, -10
 768,     1, -46, -30, -10, -38, -10, -10,  62, -10
 769,     1, -11,  -3, -11,  -3, -11,  -3,  -3,  89
 770,     1, -23,  -7,  -7, -11,  -7,  65, -23,  -7
 771,     1,  -9,  -5,  79, -21, -17,  -9, -13,  -9
 772,     1,  -4,  -4, -12,  -4,  92,  -4,  -4,  -4
 773,     1,  -7,  -7,  89,  -7,  -7,  -7, -15,  -7
 774,     0, -11, -11, -11, -39, -11, -27, -11, -35
 775,     1,  -8,  60,  -8,  -8, -24, -36,  -8, -16
 776,     1, -15, -27, -43, -23,  49, -15, -11, -11
 777,     1,  -4,  -4,  88,  -4,  -4,  -8,  -4,  -4
 778,     1, -31,  -7, -15,  -7,  -7,  -7, -23,  77
 779,     0, -11, -11, -11, -35, -35, -31, -11, -11
 780,     1, -34,  58, -10, -10, -42, -22, -10, -18
 781,     1,  -6,  -6,  -6,  90,  -6, -10, -18,  -6
 782,     1,  -9,  -9,  71,  -9, -33,  -9,  -9, -21
 783,     1, -24,  -8, -36,  -8,  84,  -8, -28,  -8
 784,     0, -11, -11, -47, -43, -11, -15, -15, -11
 785,     1,  -9,  -9,  -9,  -9,  -9, -41, -13,  71
 786,     1,  -3,  85,  -3,  -3,  -3, -11,  -3,  -3
 787,     1,  -3,  -3,  89,  -7,  -3,  -3,  -3,  -3
 788,     0, -14, -34, -42, -10, -10, -10, -10, -10
 789,     1,  -6,  -6,  -6,  -6,  -6,  78,  -6,  -6
 790,     1, -10,  58, -10, -10, -42, -10, -34, -42
 791,     1,  -6, -18,  86,  -6, -22,  -6,  -6, -26
 792,     1, -23,  -7,  69,  -7,  -7, -19,  -7,  -7
 793,     1,  -8,  -8,  -8, -40,  84, -20,  -8,  -8
 794,     1,  -7, -19,  77,  -7, -31, -35, -31,  -7
 795,     1, -25, -29, -41,  -9, -37, -37, -21,  59
 796,     1, -30, -18,  58, -10, -10, -10, -10, -10
 797,     1,  -9,  -9,  -9,  -9, -37,  59,  -9,  -9
 798,     1,  -8,  -8,  -8,  -8, -32,  -8, -36,  88
 799,     1, -37, -17,  -9, -41,  63, -41, -41,  67
 800,     0, -43, -11, -43, -11, -15, -43, -43, -19
 801,     0, -11, -19, -11, -23, -11, -15, -27, -11
 802,     1,  -7,  -7, -19,  77, -23,  -7,  -7,  -7
 803,     1, -37, -37,  -9, -29,  63, -13,  -9,  -9
 804,     1, -11,  73,  -7,  -7, -35, -27,  -7, -23
 805,     1,  -7,  -7, -31,  69,  -7, -27,  -7, -15
 806,     1, -18, -30,  -6,  -6,  -6,  86,  -6, -26
 807,     0, -10, -10, -10, -34, -10, -22, -10, -30
 808,     1,  -8, -20,  -8, -32,  64, -12, -32, -32
 809,     1, -16,  84,  -8, -12,  -4,  -4,  -4,  -4
 810,     1,  -7,  -7,  -7,  -7,  -7, -23,  73,  -7
 811,     1,  -6,  86,  -6,  -6,  -6, -22, -26, -14
 812,     1, -26,  -6,  -6, -26,  -6,  -6,  -6,  90
 813,     1,  -2,  90,  -2,  -2,  -2,  -2, -10,  -2
 814,     1,  -4,  -4,  -4, -16,  -4,  -4,  84, -16
 815,     0, -10, -10, -10, -10, -10, -42, -30, -30
 816,     1, -28,  -8, -24,  60,  -8, -12, -12,  -8
 817,     1, -19, -15,  -7, -27,  -7,  -7,  -7,  73
 818,     1,  -8, -12,  -8,  -8,  60,  -8,  -8, -40
 819,     0, -30, -34, -10, -10, -10, -10, -34, -10
 820,     1,  -4,  92, -16,  -4,  -4, -12,  -4,  -4
 821,     1,  -6,  82,  -6,  -6,  -6,  -6, -18,  -6
 822,     1,  -7,  -7, -19, -23, -19,  -7,  81,  -7
 823,     0, -11, -15, -11, -11, -11, -15, -11, -11
 824,     1,  63, -13, -13,  59, -25, -41,  -9, -25
 825,     1, -33,  59,  -9, -37,  -9,  -9, -17,  -9
 826,     1,  -4,  -8,  -4,  -4,  -4,  80,  -4,  -4
 827,     1,  -9,  -9, -17, -33,  -9,  63,  -9, -21
 828,     1,  -3,  -3,  93,  -3,  -3,  -7,  -3,  -3
 829,     1,  -2,  -2,  -2,  -2,  90,  -2,  -2,  -2
 830,     1, -24,  -8, -20,  -8,  -8, -16,  84,  -8
 831,     1,  -6,  -6,  -6, -30, -10,  82,  -6,  -6
 832,     1,  -4,  -4,  -4,  -4,  -4,  -4,  -4,  92
 833,     1,  -2,  -2,  -2,  -2,  94,  -2,  -2,  -2
 834,     1, -18,  58, -42, -30, -10, -14, -10, -10
 835,     1,  -8,  -8, -32,  80,  -8,  -8,  -8,  -8
 836,     1,  -2,  -2,  -2,  -2,  94,  -6,  -2,  -2
 837,     1, -11,  89, -27, -15, -19,  -7,  -7,  -7
 838,     1,  -5,  -5,  -5,  -5,  83, -25,  -5,  -5
 839,     1,  -2,  -2,  -2,  -6,  -2,  -2,  94,  -2
 840,     1,  -4,  -4,  -4,  84, -16,  -4,  -4,  -4
 841,     1,  -4,  -4,  -4,  -4,  92,  -4,  -8,  -4
 842,     0, -39, -43, -11, -43, -11, -11, -11, -11
 843,     1,  -5,  -5,  91,  -5,  -5,  -5,  -5, -17
 844,     1,  -8,  -8,  -8, -28, -24,  -8, -28,  88
 845,     1, -11,  -3,  -7,  -3,  -3,  93,  -3,  -3
 846,     1, -29, -17,  -9, -41,  71,  -9,  -9, -13
 847,     1,  -7,  73,  -7,  -7, -27, -11,  -7,  -7
 848,     1, -15,  -7,  -7,  -7, -31, -11,  65, -23
 849,     1, -26, -30,  90,  -6,  -6,  -6, -26,  -6
 850,     1, -38, -10, -10, -26, -10,  70, -42, -42
 851,     1,  -6,  -2,  -2,  94,  -2,  -2,  -2,  -2
 852,     1, -23,  -7,  -7, -15, -11,  89,  -7,  -7
 853,     1,  78,  -6,  -6,  -6,  -6,  -6,  -6, -26
 854,     1, -29,  -9, -37, -17,  59,  -9,  -9,  59
 855,     0, -43, -15, -11, -11, -11, -19, -15, -27
 856,     0, -43, -23, -11, -47, -23, -43, -11, -11
 857,     1,  -8,  -8, -12, -12, -20, -24,  76,  -8
 858,     1, -18, -26,  86,  -6, -14,  -6, -18, -14
 859,     1,  -9, -29, -41,  75, -41,  -9,  -9,  -9
 860,     1,  -7,  77, -31,  -7, -11, -23, -23,  -7
 861,     0, -19, -43, -11, -39, -31, -43, -11, -11
 862,     1, -10,  -6,  -6,  -6,  -6,  86,  -6,  -6
 863,     1, -33, -13, -37,  -9, -33,  71,  -9, -29
 864,     1,  -4,  -4,  -4, -12,  -4,  84,  -4,  -4
 865,     1,  -4,  -4,  92,  -4,  -4,  -4, -16, -20
 866,     1,  -5,  -5, -17,  -9,  -5,  -5,  79,  -5
 867,     1,  91,  -5,  -9,  -5,  -5,  -5,  -5,  -5
 868,     1,  -7,  -7, -27, -35,  85, -31, -27, -35
 869,     1,  -7, -15, -19,  73,  -7, -35, -27, -31
 870,     1,  -8,  -8,  -8,  -8, -32,  -8, -16,  84
 871,     1,  -3,  -3,  93,  -3,  -3,  -3,  -3,  -3
 872,     1,  -6,  82,  -6,  -6, -22, -14,  -6,  -6
 873,     1,  -5, -17,  87,  -5,  -5,  -9, -25,  -5
 874,     1,  -4,  -4, -20, -12, -16,  -4,  84,  -4
 875,     1,  -7,  -3,  -3,  -3, -11,  -3,  85,  -3
 876,     1,  -5,  -5, -13, -21, -21, -25, -13,  87
 877,     1, -32,  -8,  -8,  64,  -8,  -8, -36, -32
 878,     1,  -6,  -6,  -6,  -6,  78,  -6,  -6,  -6
 879,     1, -30,  78,  -6, -30, -10,  -6,  -6,  -6
 880,     1,  -8, -24,  64, -20,  -8, -20,  -8,  -8
 881,     1, -11,  -3,  -3,  -3, -11,  -3,  -3,  93
 882,     1, -38, -10, -10, -10, -10,  70, -22, -10
 883,     1, -19,  -7,  -7,  -7,  -7, -23,  77,  -7
 884,     1,  63, -33,  -9, -41, -13, -37,  -9, -29
 885,     1,  -9, -37,  -9,  -9,  -9, -17, -33,  71
 886,     0, -11, -43, -35, -19, -39, -11, -39, -19
 887,     1,  -9,  67, -25,  -9,  -9,  -9,  -9,  -9
 888,     1,  59, -29,  -9,  -9, -25, -41, -17,  -9
 889,     0, -43, -31, -11, -51, -11, -23, -27, -11
 890,     1, -11,  -7,  -3,  -3,  -3,  89, -11,  -3
 891,     1, -33,  67, -25, -17, -17, -41, -33,  -9
 892,     1, -10, -26,  70, -30, -42, -42, -18, -42
 893,     0, -11, -11, -23, -35, -11, -11, -31, -31
 894,     1,  -8,  -8,  80, -20,  -8,  -8, -28, -28
 895,     1,  -3,  89,  -3,  -3,  -3,  -3,  -3,  -3
 896,     1,  -4,  -4,  -4,  -4,  84,  -8,  -8,  -4
 897,     1, -11,  85,  -3,  -3,  -3, -15,  -3,  -3
 898,     1, -14, -26,  -6,  -6,  -6,  -6,  -6,  74
 899,     1,  -6, -30,  -6,  -6,  74, -26, -26, -22
 900,     1, -10,  66, -10, -30, -10, -10, -46, -38
 901,     1,  -4,  -4,  -4,  -4,  -4,  92,  -4,  -8
 902,     1,  -7, -11, -11, -31,  -7,  85,  -7,  -7
 903,     1, -25,  87,  -5, -21,  -5,  -5, -25, -17
 904,     1, -17,  -9, -33, -25, -13,  71, -17, -41
 905,     0, -11, -11, -11, -23, -11, -11, -11, -43
 906,     1, -41, -25, -13,  59, -37,  -9,  -9,  75
 907,     1,  -5, -21,  -5, -17,  -5,  -5,  -5,  79
 908,     1,  -4,  -4,  -4,  84,  -4,  -4,  -4,  -4
 909,     1, -19,  -7,  -7, -23,  -7, -27,  85,  -7
 910,     1, -29,  -9, -25, -41,  -9,  83,  -9, -25
 911,     1,  -8,  -4,  -4,  -4,  92,  -4,  -4,  -4
 912,     1, -18,  82,  -6,  -6,  -6,  -6, -26, -22
 913,     0, -19, -43, -35, -19, -11, -43, -43, -39
 914,     1, -41,  -9,  -9, -25,  -9,  -9,  59, -41
 915,     1,  -9,  -9,  -9,  -9, -37,  87,  -9, -17
 916,     1, -10, -10, -10, -10, -10, -10,  66, -10
 917,     0, -15, -11, -11, -11, -43, -11, -11, -11
 918,     1, -22, -22,  -6,  74,  -6,  -6, -14,  -6
 919,     1,  -4,  -4, -12,  -4,  -4, -12,  -4,  84
 920,     1,  63, -25,  -9, -17, -21,  -9,  63, -21
 921,     1,  78,  -6,  -6, -10, -30,  -6,  -6,  -6
 922,     0, -47, -11, -11, -11, -11, -11, -47, -11
 923,     1, -37,  -9,  -9, -13, -33, -37, -21,  75
 924,     1, -22, -10, -42, -42, -26, -10,  54, -42
 925,     1,  -4, -12,  -4,  88,  -4,  -8,  -4,  -4
 926,     1,  -9,  -9,  -9,  -9,  71,  -9, -33,  -9
 927,     1,  66, -30, -10, -10, -10, -10, -10, -18
 928,     0, -27, -11, -19, -19, -27, -11, -11, -31
 929,     1, -10, -42, -34, -42, -42,  86, -38, -26
 930,     0, -10, -10, -26, -10, -10, -26, -10, -10
 931,     1,  -4,  -4,  92,  -4,  -4, -12,  -4,  -4
 932,     1, -27,  -7, -11,  -7, -23,  73,  -7, -35
 933,     1, -15, -11, -11, -15, -11, -43, -11,  53
 934,     1,  -6, -26,  70,  -6,  -6,  -6,  -6, -14
 935,     1, -13,  -5,  91,  -5,  -5,  -5,  -5,  -5
 936,     1,  75, -13,  -9, -41,  -9, -21,  -9, -25
 937,     1, -28, -16,  -8, -32,  -8,  72,  -8,  -8
 938,     1,  -9,  67,  -9,  -9,  -9, -29, -21,  -9
 939,     1, -37,  -9, -25, -17, -21,  -9, -37,  79
 940,     1,  -5,  83, -17,  -5, -17,  -5, -17, -13
 941,     1, -15,  -7,  -7,  -7,  77,  -7, -11,  -7
 942,     0, -11, -27, -35, -43, -11, -35, -27, -11
 943,     1,  -6, -10, -26,  -6,  -6,  -6, -22,  82
 944,     1, -16,  -4,  -4,  84,  -4,  -4,  -4,  -4
 945,     1,  -3,  -3,  -3,  -3,  -7,  93,  -3,  -3
 946,     1, -11,  -3,  93,  -3,  -3,  -3,  -7,  -7
 947,     1,  -5,  -5,  -5,  -5,  -5,  -5,  -5,  79
 948,     1,  -4,  -4,  84, -12, -16,  -4, -16,  -4
 949,     1, -41, -21,  63, -33,  -9,  -9,  -9, -33
 950,     1,  -7,  -7,  -7,  -7,  -7,  69, -31, -35
 951,     1,  -6,  82,  -6, -22, -14,  -6,  -6, -14
 952,     1, -32, -36, -28, -32,  -8, -28,  -8,  60
 953,     1, -36,  -8,  76, -32, -36,  -8, -24,  -8
 954,     1,  -7, -31,  69,  -7, -31,  -7, -19,  -7
 955,     1,  -7, -27,  -7, -23,  -7, -11, -35,  81
 956,     1,  -5,  -5,  -5, -17,  -5,  91,  -5,  -9
 957,     1,  -7,  -7,  -7,  -7,  -7, -23,  -7,  85
 958,     1,  -8,  -8, -24,  -8,  -8, -16,  60,  -8
 959,     1,  -3,  -3,  -7,  -3,  93,  -3,  -3,  -3
 960,     0, -11, -15, -11, -11, -23, -47, -11, -19
 961,     1,  -4,  -8,  -4,  -4,  -4,  -4,  92,  -4
 962,     1,  -6, -22,  -6,  78, -26, -10, -26, -22
 963,     1, -10,  70, -10, -10, -14, -42, -10, -10
 964,     1,  -5,  -5, -13, -17,  -5,  -5,  87,  -5
 965,     1,  -3,  -3,  -3,  -3,  -3,  -3,  93,  -3
 966,     1, -41,  67,  -9,  -9,  -9, -33, -41, -41
 967,     1, -24, -16, -20,  -8, -40,  60,  -8, -12
 968,     0, -23, -11, -11, -11, -43, -11, -15, -11
 969,     1, -27,  -7, -23,  -7,  -7, -19,  65, -27
 970,     1, -12, -16, -20, -28,  -8,  84, -32, -36
 971,     1,  -7,  -7, -27,  -7,  65, -19,  -7,  -7
 972,     1,  -9,  67,  -9, -37,  -9,  -9,  -9, -21
 973,     1,  -8, -16,  84,  -4,  -8,  -4,  -4,  -4
 974,     1,  -3,  93, -11,  -3,  -3,  -3,  -3,  -3
 975,     1,  -3,  -3,  -3,  93,  -3,  -3,  -3,  -3
 976,     1,  -4,  92,  -4, -16,  -4,  -4,  -4,  -4
 977,     1,  -9,  79,  -5,  -5,  -5,  -5,  -5,  -5
 978,     1,  -8,  72, -32,  -8,  -8,  -8, -12,  -8
 979,     1,  -9, -33,  -9,  79, -21, -41, -29,  -9
 980,     1, -26,  -6,  -6, -14,  -6,  86,  -6,  -6
 981,     1,  -3,  85,  -3,  -3,  -7,  -3,  -3,  -3
 982,     1,  -3,  93, -11,  -3, -11,  -7,  -3,  -3
 983,     1,  -7,  77, -11, -23,  -7, -31, -19,  -7
 984,     1,  -7,  -7,  -7,  65,  -7,  -7,  -7,  -7
 985,     0, -15, -39, -51, -15, -11, -35, -43, -47
 986,     1,  -4,  -4,  -4, -20, -16,  -4,  88,  -8
 987,     1,  -2,  -2,  -2,  -2, -10,  -2,  -2,  90
 988,     1, -13, -17,  -9,  -9,  79,  -9, -17,  -9
 989,     0, -23, -43, -31, -35, -23, -11, -11, -31
 990,     1,  -8, -40, -20, -28,  80,  -8,  -8, -40
 991,     1,  83,  -5,  -5,  -5,  -5,  -5,  -5,  -5
 992,     1,  -9, -29,  67, -37,  -9,  -9,  -9, -21
 993,     1,  70, -26,  90, -18, -26,  -6, -14,  -6
 994,     1,  -8, -28,  80, -20,  -8,  -8, -28,  -8
 995,     1,  70, -10, -10, -22, -26, -34, -10, -26
 996,     1,  -3,  -3,  -3,  -3,  -3,  -3,  89,  -3
 997,     1, -19,  -7, -11, -31,  -7,  85, -27, -35
 998,     1,  -9,  -5,  -5,  -5,  87,  -5,  -5, -17
 999,     1,  -9, -41,  -9,  -9,  -9, -37,  67, -17
