nExp, valid,  A0,  A1,  A2,  A3,  A4
   0,     1, -15,  -7, -19, -31,  85
   1,     1, -20,  80,  -8, -28, -32
   2,     1,  -2,  -2,  90, -10,  -2
   3,     0, -43, -43, -11, -11, -11
   4,     0, -31, -27, -19, -15, -43
   5,     1,  -5,  83,  -5,  -5,  -5
   6,     1,  -8,  -8,  -8,  -8,  60
   7,     1,  92, -16,  -4, -16,  -4
   8,     0, -23, -43, -11, -11, -47
   9,     1, -28,  -8, -32,  -8,  60
  10,     1,  -9,  -9, -21,  67,  -9
  11,     1, -19,  85, -23, -19,  -7
  12,     1,  -5, -13,  -5,  -9,  79
  13,     1,  -5,  91,  -5,  -5,  -5
  14,     1, -10,  74, -10, -10, -10
  15,     1,  53, -43, -15, -11, -11
  16,     1,  91,  -5,  -5, -17,  -5
  17,     1,  -4,  -4,  -4,  84,  -4
  18,     0, -11, -35, -11, -11, -11
  19,     1,  -5,  -5,  87,  -5,  -5
  20,     0, -11, -31, -11, -11, -39
  21,     0, -43, -11, -39, -43, -11
  22,     1,  -6,  -6,  70,  -6,  -6
  23,     1,  -2,  -2,  -2,  90,  -2
  24,     0, -11, -11, -39, -11, -27
  25,     0, -11, -43, -11, -11, -19
  26,     1,  -6,  90, -22,  -6, -30
  27,     1, -23, -19, -23,  -7,  65
  28,     0, -11, -11, -43, -27, -11
  29,     0, -11, -11, -11, -11, -23
  30,     0, -11, -39, -47, -43, -11
  31,     1, -31,  -7,  77,  -7, -11
  32,     1, -20,  92,  -4, -12,  -4
  33,     1,  -7,  -7,  -7, -11,  77
  34,     1,  -7, -19,  77,  -7,  -7
  35,     1,  86,  -6, -18,  -6,  -6
  36,     0, -11, -47, -15, -11, -11
  37,     1, -20,  -8,  88, -20,  -8
  38,     1,  70, -26, -14, -42, -10
  39,     1,  -9, -25, -33,  67, -29
  40,     1, -23,  -7,  65,  -7,  -7
  41,     0, -39, -11, -35, -15, -27
  42,     1,  -2, -10,  -2,  -2,  94
  43,     1,  85,  -3,  -3, -11,  -3
  44,     1, -36, -28, -36,  88,  -8
  45,     1, -37,  -9, -41, -29,  59
  46,     0, -15, -11, -11, -43, -43
  47,     1,  -7,  69,  -7, -27,  -7
  48,     1, -10, -10,  66, -38, -10
  49,     1, -26,  74,  -6,  -6,  -6
  50,     0, -11, -43, -11, -11, -43
  51,     1,  -9,  -9,  -9,  71,  -9
  52,     1, -29,  59,  -9, -33,  -9
  53,     0, -31, -23, -31, -11, -43
  54,     0, -31, -11, -43, -11, -11
  55,     1, -21,  -5,  -5,  -5,  87
  56,     1, -17,  -9,  -9,  71, -41
  57,     1, -16,  -4,  80,  -4, -12
  58,     0, -11, -39, -11, -35, -47
  59,     0, -11, -19, -47, -43, -11
  60,     1,  -4,  -4,  -4,  -4,  88
  61,     1,  -9, -13, -17,  -9,  83
  62,     1,  90,  -6,  -6,  -6,  -6
  63,     1,  -5,  79,  -5, -21, -25
  64,     1,  -5,  87,  -5, -13, -21
  65,     0, -23, -11, -11, -11, -43
  66,     1,  54, -10, -10, -38, -10
  67,     1, -26, -22,  -6,  86, -22
  68,     1,  77,  -7,  -7,  -7,  -7
  69,     0, -23, -15, -11, -27, -31
  70,     1,  -8, -24,  68, -28,  -8
  71,     1,  63, -13, -41,  59,  -9
  72,     1,  90,  -2,  -2,  -2,  -2
  73,     0, -11, -43, -11, -27, -15
  74,     0, -11, -11, -27, -11, -43
  75,     1, -24, -12, -36, -32,  88
  76,     1,  -2,  -2,  -2,  -2,  94
  77,     1, -19,  -7,  77,  -7,  -7
  78,     0, -19, -43, -11, -11, -27
  79,     1,  -9,  -9,  -9, -33,  71
  80,     1, -15,  -7, -23,  85,  -7
  81,     0, -11, -11, -11, -27, -43
  82,     0, -43, -39, -27, -23, -19
  83,     0, -30, -10, -42, -10, -42
  84,     1,  -2,  -2, -10,  90,  -2
  85,     0, -11, -11, -43, -11, -11
  86,     1,  -7,  89,  -3,  -3, -15
  87,     1,  -5,  87,  -9,  -5,  -5
  88,     1,  -6,  -6,  -6,  -6,  86
  89,     1,  85,  -3,  -3,  -7,  -3
  90,     1,  -4,  -8,  -4,  92,  -4
  91,     1,  65,  -7, -19,  -7,  -7
  92,     1,  -7,  -7,  -7,  -7,  73
  93,     1,  -5,  -5,  -5,  -5,  83
  94,     1, -12, -12,  92,  -4, -16
  95,     1,  -2,  -2,  -2,  94,  -6
  96,     1, -15, -11,  69,  -7, -23
  97,     1,  -9, -37, -37,  71, -21
  98,     1,  67, -33, -37, -41, -33
  99,     1, -10, -10, -10,  74, -10
 100,     1,  62, -10, -10, -42, -10
 101,     1,  -5,  -5, -13,  -5,  83
 102,     0, -11, -11, -11, -43, -11
 103,     1, -27,  -7,  73,  -7,  -7
 104,     0, -11, -15, -43, -15, -11
 105,     0, -11, -11, -11, -11, -11
 106,     1,  58, -10, -42, -10, -10
 107,     0, -11, -35, -11, -11, -11
 108,     0, -11, -43, -11, -19, -11
 109,     0, -31, -11, -39, -19, -11
 110,     1, -38, -18,  58, -10, -10
 111,     0, -11, -11, -11, -27, -27
 112,     1,  -6,  -6,  86,  -6,  -6
 113,     1, -43, -11,  61, -43, -35
 114,     1,  -6,  -6,  -6,  -6,  78
 115,     1, -10, -10, -10,  62, -10
 116,     1, -25, -13, -33,  59,  -9
 117,     1, -37,  71,  -9,  -9,  -9
 118,     0, -38, -18, -30, -10, -34
 119,     1,  -6,  -6,  78,  -6,  -6
 120,     0, -27, -23, -11, -11, -11
 121,     1, -41,  -9,  -9,  83,  -9
 122,     0, -11, -11, -15, -11, -35
 123,     1,  65, -31, -19, -23, -15
 124,     1,  88, -12,  -4,  -4,  -4
 125,     1, -17,  -9,  -9,  63,  -9
 126,     1,  -4,  -4,  -4,  -4,  84
 127,     1, -31, -19,  89, -19, -35
 128,     1,  -2,  -2,  -2,  -2,  90
 129,     0, -39, -11, -11, -11, -11
 130,     1,  74,  -6,  -6,  -6,  -6
 131,     1,  90,  -6, -30,  -6,  -6
 132,     1,  -8,  -8, -12,  64,  -8
 133,     0, -14, -10, -10, -10, -38
 134,     1,  -9,  59,  -9,  -9, -33
 135,     0, -11, -11, -39, -11, -15
 136,     1,  78,  -6, -22, -18,  -6
 137,     1, -35,  -7, -11,  -7,  77
 138,     1,  -8,  -8,  -8,  -8,  76
 139,     1,  60, -20,  -8, -16,  -8
 140,     1,  -9, -37, -17, -29,  59
 141,     0, -43, -47, -11, -19, -11
 142,     1,  83,  -9, -33, -13, -29
 143,     1,  -8,  -8,  60,  -8,  -8
 144,     1,  63,  -9,  -9, -33,  -9
 145,     1,  -6,  -6,  -6,  70, -26
 146,     1,  -3,  -3, -11,  85,  -3
 147,     0, -35, -11, -23, -43, -11
 148,     1,  -5,  -9,  -5, -25,  79
 149,     0, -43, -23, -43, -43, -11
 150,     1,  -5,  -5,  -9,  83,  -5
 151,     0, -10, -10, -10, -10, -10
 152,     0, -31, -15, -43, -43, -11
 153,     1,  -4,  84,  -4,  -4,  -4
 154,     1,  78, -18,  -6,  -6,  -6
 155,     0, -23, -11, -43, -43, -11
 156,     1,  -6,  78, -18, -10, -22
 157,     1, -10, -42,  54, -10, -10
 158,     1,  -5,  -5, -13, -17,  79
 159,     1, -36, -12,  -8, -36,  88
 160,     1,  -3,  -3,  -7,  93,  -3
 161,     1, -37, -13,  -9,  -9,  67
 162,     1, -16,  -4,  -4,  88,  -4
 163,     1, -38,  62, -22, -10, -34
 164,     1,  -6,  -6,  74, -18,  -6
 165,     1,  65,  -7, -23, -31,  -7
 166,     1, -23,  -7,  -7,  89, -35
 167,     1,  81, -31, -23,  -7,  -7
 168,     1, -13, -29,  79,  -9,  -9
 169,     0, -11, -11, -11, -43, -11
 170,     0, -22, -30, -26, -42, -38
 171,     0, -39, -11, -11, -11, -27
 172,     1,  67, -17, -17,  -9, -25
 173,     0, -43, -11, -31, -11, -43
 174,     1,  91, -13, -21,  -5,  -5
 175,     1,  -5, -21,  79,  -5,  -5
 176,     1, -26,  -6,  -6,  -6,  82
 177,     1, -31,  -7,  89, -27,  -7
 178,     0, -30, -10, -10, -10, -10
 179,     1,  -3, -11,  -3,  85,  -3
 180,     1, -29, -41,  -9, -21,  71
 181,     1, -10, -42,  70, -10, -10
 182,     1,  -7,  -7,  -7,  77,  -7
 183,     1,  73, -23, -35,  -7,  -7
 184,     1,  -5,  91, -13,  -5,  -5
 185,     0, -27, -11, -43, -43, -15
 186,     0, -26, -10, -10, -34, -10
 187,     0, -11, -23, -11, -11, -47
 188,     0, -11, -15, -15, -11, -11
 189,     1, -21, -17,  79, -25,  -9
 190,     1,  80,  -8, -12,  -4,  -4
 191,     1, -10, -38, -22,  70, -10
 192,     1, -18, -10,  74, -10, -10
 193,     0, -18, -22, -10, -10, -10
 194,     0, -11, -43, -39, -11, -11
 195,     1, -10,  54, -10, -10, -30
 196,     1, -10, -14, -10,  66, -30
 197,     0, -10, -10, -42, -10, -10
 198,     1,  59,  -9,  -9, -17,  -9
 199,     1,  -8,  -8,  -8,  -8,  60
 200,     1, -16,  88,  -4,  -4, -16
 201,     1, -42,  74, -42, -10, -34
 202,     1, -10, -34, -30,  58, -14
 203,     1,  65, -11, -15,  -7,  -7
 204,     1,  93, -11,  -3,  -3,  -7
 205,     1,  -9,  -9,  71,  -9,  -9
 206,     1,  89,  -3,  -3,  -3,  -3
 207,     0, -11, -11, -11, -11, -43
 208,     1, -11, -23,  53, -11, -11
 209,     1,  -4,  84,  -4,  -4, -12
 210,     1,  -7,  -3,  93,  -7,  -3
 211,     1,  -3,  -3,  85,  -3,  -3
 212,     1,  -3, -11,  -7, -15,  93
 213,     1,  -3,  -3,  89,  -3,  -3
 214,     1,  72, -36, -16,  -8,  -8
 215,     1, -20,  -4,  -4,  -4,  84
 216,     0, -15, -23, -11, -43, -11
 217,     1, -23,  -7,  73,  -7, -19
 218,     1,  -3,  93,  -3,  -3,  -3
 219,     1,  -9, -13, -41,  63, -41
 220,     0, -11, -31, -31, -11, -39
 221,     1,  -5,  -5,  91,  -5, -17
 222,     1,  68, -20, -32, -40,  -8
 223,     0, -11, -11, -31, -43, -11
 224,     1, -25,  -5, -25,  79,  -5
 225,     1,  -7, -23,  -7,  -7,  69
 226,     1, -14, -10, -30,  62, -42
 227,     1, -18,  -6, -14,  70, -18
 228,     0, -23, -11, -15, -11, -27
 229,     0, -11, -11, -39, -15, -43
 230,     1,  -8, -16, -24,  -8,  68
 231,     1,  -9,  79,  -9, -21, -29
 232,     0, -23, -11, -47, -35, -27
 233,     0, -43, -27, -11, -31, -27
 234,     1,  -9,  -9,  -9,  -9,  71
 235,     1,  -4, -16, -20,  84, -20
 236,     1, -18,  70, -10, -46, -10
 237,     1,  68,  -8,  -8,  -8, -36
 238,     1,  -5,  79, -17, -21, -21
 239,     1,  -3,  93,  -3,  -3, -15
 240,     1,  79, -41,  -9,  -9,  -9
 241,     1,  -6,  -6,  90,  -6,  -6
 242,     1, -14, -26,  -6,  86,  -6
 243,     1,  -3,  93,  -3,  -7,  -3
 244,     0, -43, -43, -11, -11, -19
 245,     1, -17,  -9,  71, -21,  -9
 246,     1,  -6,  -6,  -6, -26,  82
 247,     1,  -3, -11,  93,  -3,  -3
 248,     0, -43, -19, -27, -27, -23
 249,     0, -11, -27, -27, -11, -39
 250,     1, -11, -11, -11, -43,  49
 251,     1, -11,  -7,  77,  -7,  -7
 252,     1,  -6, -26,  -6,  -6,  86
 253,     1,  -6, -22, -22,  78,  -6
 254,     1, -12,  88,  -4,  -4,  -4
 255,     1, -20,  -4,  -4,  84,  -4
 256,     1,  -3,  -7,  -3,  89,  -3
 257,     1,  -5,  91,  -5,  -5, -21
 258,     0, -11, -47, -15, -27, -11
 259,     1,  60, -32, -24,  -8,  -8
 260,     0, -43, -11, -27, -11, -11
 261,     1, -11, -11, -11,  49, -43
 262,     1,  -2,  94,  -2,  -2,  -2
 263,     1,  -3,  93,  -3,  -3,  -3
 264,     1,  -6,  -6, -14,  82,  -6
 265,     1,  83,  -5,  -5,  -9,  -9
 266,     1,  -2,  -2,  -6,  -2,  94
 267,     1, -41,  67,  -9, -41, -33
 268,     1,  -6,  -6,  86,  -6,  -6
 269,     1, -16,  -4,  -4,  84,  -8
 270,     1, -10, -34,  54, -18, -10
 271,     1,  -8,  -8,  64,  -8,  -8
 272,     1,  -7,  -7,  -7,  73, -15
 273,     0, -11, -11, -27, -35, -11
 274,     1,  -5, -17,  79, -21,  -5
 275,     1, -10, -10, -22, -10,  62
 276,     1,  -4,  88,  -4,  -4,  -4
 277,     1,  -9,  79, -13, -41, -13
 278,     1,  -8,  -8,  60,  -8,  -8
 279,     1, -12,  -4,  84,  -4,  -4
 280,     0, -10, -14, -10, -30, -14
 281,     1,  85, -11,  -3,  -3,  -3
 282,     1, -14, -10,  58, -10, -10
 283,     0, -10, -10, -22, -10, -10
 284,     1, -40,  -8,  84,  -8,  -8
 285,     0, -11, -43, -11, -19, -11
 286,     1,  -4,  -4,  80,  -4,  -4
 287,     0, -11, -43, -43, -11, -11
 288,     1,  88, -12, -32,  -8,  -8
 289,     1, -27,  -7, -23, -31,  65
 290,     1,  -2,  -2,  -2,  90,  -2
 291,     1,  -6,  -6,  -6,  -6,  86
 292,     1,  85,  -7,  -7,  -7,  -7
 293,     1,  67,  -9, -17,  -9, -13
 294,     0, -23, -11, -11, -11, -11
 295,     1, -33, -37,  87,  -9,  -9
 296,     1, -20,  -4,  -4,  -4,  84
 297,     1, -10, -10, -30,  54, -18
 298,     0, -34, -10, -10, -10, -22
 299,     1, -32,  68, -36, -16,  -8
 300,     1,  -9,  -9, -41,  -9,  75
 301,     0, -23, -19, -31, -27, -11
 302,     1, -22,  -6,  -6, -18,  90
 303,     0, -43, -11, -11, -11, -11
 304,     1,  62, -10, -18,  62, -26
 305,     0, -10, -26, -10, -14, -10
 306,     1,  -3,  -3,  -3,  93,  -7
 307,     1, -17,  -5,  87,  -5,  -5
 308,     1,  -9,  -9, -37,  67,  -9
 309,     1, -16,  80,  -4,  -4,  -8
 310,     0, -11, -11, -11, -11, -31
 311,     0, -10, -10, -42, -22, -22
 312,     0, -11, -11, -43, -11, -11
 313,     0, -27, -35, -47, -23, -19
 314,     1,  -3,  -3,  85,  -3,  -3
 315,     1, -12,  -4, -20,  -4,  80
 316,     1, -20,  -4, -20,  84,  -4
 317,     1, -14, -10,  -6,  -6,  78
 318,     0, -27, -43, -35, -11, -39
 319,     1,  -9,  71,  -9, -25,  -9
 320,     1,  64,  -8, -20,  -8,  -8
 321,     1, -10, -10,  62, -10, -10
 322,     0, -23, -11, -11, -43, -23
 323,     0, -43, -11, -43, -11, -43
 324,     1,  -9, -37,  -9, -25,  75
 325,     1,  -9,  79,  -9, -29,  -9
 326,     0, -11, -43, -39, -11, -23
 327,     1,  -4,  88,  -8,  -4,  -4
 328,     1, -10,  74, -10, -10, -10
 329,     1, -22, -10, -26, -10,  58
 330,     1, -13, -17,  -9,  91, -21
 331,     1, -10, -10, -34, -10,  70
 332,     1,  59,  -9, -13,  -9,  -9
 333,     1,  -9,  -9, -37, -41,  75
 334,     1,  66, -22, -10, -10, -34
 335,     0, -11, -11, -43, -35, -11
 336,     1, -41, -21,  67,  -9,  -9
 337,     0, -15, -11, -19, -51, -11
 338,     1, -22, -10,  62, -10, -10
 339,     1,  -5,  79,  -5,  -9, -17
 340,     1,  66, -34, -10, -30, -10
 341,     1,  70, -42, -30, -46, -10
 342,     1,  -4,  -4,  84, -16,  -4
 343,     1,  -6,  86, -18,  -6,  -6
 344,     1, -16,  -8,  -8,  -8,  72
 345,     1,  -5, -25,  -5,  91,  -5
 346,     1,  -9,  -9,  -9,  -9,  63
 347,     1,  83,  -9,  -9,  59, -41
 348,     1,  -7,  -3,  -3,  -3,  89
 349,     0, -31, -11, -11, -43, -19
 350,     0, -11, -11, -11, -23, -11
 351,     0, -39, -11, -19, -11, -43
 352,     1,  -7,  -3,  89,  -3,  -3
 353,     0, -27, -27, -11, -11, -11
 354,     1, -27,  65,  -7,  -7, -15
 355,     1, -29,  -9,  75, -41,  -9
 356,     0, -11, -27, -39, -11, -11
 357,     0, -43, -31, -43, -11, -43
 358,     0, -38, -10, -22, -26, -10
 359,     1,  88, -16,  -4, -12,  -4
 360,     1,  -3,  -3,  89, -11,  -7
 361,     1,  -4,  92,  -4,  -4,  -8
 362,     1, -20, -20,  -8,  76, -24
 363,     0, -11, -11, -23, -11, -43
 364,     1,  -8,  -8,  84,  -8,  -8
 365,     1,  63,  -9, -25, -37, -13
 366,     1, -42, -22,  62, -10, -10
 367,     1, -20, -12, -12,  80,  -4
 368,     0, -11, -35, -47, -11, -11
 369,     1,  93,  -3,  -3,  -3,  -3
 370,     1, -22,  -6,  -6,  86,  -6
 371,     1,  -9,  -9,  -9,  63, -33
 372,     0, -11, -11, -11, -11, -39
 373,     1, -20,  -4,  92,  -4,  -4
 374,     1, -15,  -7,  89, -15,  -7
 375,     1, -14, -30, -10, -10,  62
 376,     1, -19,  -7, -27,  -7,  77
 377,     1, -18,  58, -10, -42, -10
 378,     0, -51, -47, -11, -11, -23
 379,     0, -42, -18, -10, -10, -22
 380,     0, -11, -11, -35, -11, -11
 381,     0, -11, -43, -43, -11, -11
 382,     1,  89,  -3,  -3,  -3,  -3
 383,     0, -43, -11, -39, -19, -31
 384,     0, -11, -11, -11, -11, -11
 385,     1,  -4,  -4,  -4,  88, -12
 386,     1, -31,  -7,  -7,  89, -19
 387,     1,  -7, -35,  -7,  -7,  69
 388,     0, -43, -43, -31, -11, -15
 389,     1,  -6,  78,  -6,  -6,  -6
 390,     1,  -9, -41,  67, -33, -33
 391,     1,  -9,  63,  -9, -29,  -9
 392,     1,  -9,  -9,  71, -37,  -9
 393,     0, -39, -23, -43, -47, -47
 394,     0, -11, -11, -31, -27, -39
 395,     0, -10, -42, -42, -10, -10
 396,     1,  79,  -5,  -5,  -5, -17
 397,     1, -20,  -8,  -8,  60,  -8
 398,     1,  79, -37,  -9, -13, -33
 399,     1, -16, -12,  84,  -4,  -4
 400,     1,  -7,  81,  -7, -11, -19
 401,     0, -11, -11, -43, -43, -11
 402,     0, -11, -11, -19, -11, -11
 403,     0, -26, -10, -10, -10, -10
 404,     1, -42,  70, -42, -14, -10
 405,     1, -25,  -5,  -5,  87,  -5
 406,     1,  58, -10, -10, -10, -34
 407,     0, -10, -10, -18, -42, -10
 408,     1,  91,  -5, -21,  -5,  -5
 409,     0, -11, -11, -11, -11, -11
 410,     1, -14, -30, -42,  70, -42
 411,     1,  85, -11, -27,  -7,  -7
 412,     1,  -9, -21,  59, -37,  -9
 413,     1, -27, -11, -39,  53, -11
 414,     0, -11, -43, -11, -35, -11
 415,     1,  -5, -17,  87,  -5,  -5
 416,     1,  91,  79,  -5,  -9,  -5
 417,     1, -12, -16, -12,  80,  -4
 418,     1, -13, -21,  -5,  87, -13
 419,     1, -36,  64, -28,  -8, -28
 420,     1, -36, -32,  -8,  80, -36
 421,     1,  90,  -6, -22,  -6,  -6
 422,     0, -39, -51, -11, -11, -11
 423,     0, -18, -10, -30, -30, -30
 424,     1,  -5,  -5,  -5,  79,  -5
 425,     1,  -4,  -4, -16,  92,  -4
 426,     1,  -9,  -9,  71, -17,  -9
 427,     0, -35, -27, -19, -43, -11
 428,     1, -11, -47, -11,  53, -23
 429,     1,  -4,  -4,  84, -16,  -4
 430,     0, -11, -35, -23, -11, -27
 431,     0, -27, -19, -11, -11, -43
 432,     0, -11, -11, -43, -11, -19
 433,     1,  -7,  -7,  65,  -7,  -7
 434,     1,  88, -12,  -4,  -8, -20
 435,     1,  93,  -3,  -3,  -3, -15
 436,     1,  -8, -28,  -8,  68,  -8
 437,     1, -11, -23, -43, -47,  61
 438,     1, -17, -17,  83, -13,  -5
 439,     0, -11, -15, -15, -11, -27
 440,     1, -47,  53, -43, -11, -31
 441,     1,  -4,  -4,  -4,  -4,  92
 442,     0, -43, -11, -35, -11, -11
 443,     1,  -4,  84,  -4,  -4,  -4
 444,     1,  -8, -36,  72, -36,  -8
 445,     1,  -9,  71, -25,  -9,  -9
 446,     1, -13,  71, -33,  -9, -13
 447,     1,  82, -18,  -6,  -6,  -6
 448,     0, -19, -11, -31, -47, -19
 449,     1,  -4,  -4,  -4,  92,  -4
 450,     1, -13,  -9,  63,  -9,  -9
 451,     1, -30,  -6,  -6,  70,  -6
 452,     1,  -8,  -8,  88,  -8, -12
 453,     1,  -9, -33, -29,  -9,  63
 454,     0, -43, -11, -11, -11, -19
 455,     1,  -8,  -8,  72,  -8, -32
 456,     0, -11, -31, -11, -11, -11
 457,     1,  -7,  69,  -7, -23,  -7
 458,     1,  54, -18, -42, -34, -42
 459,     1,  -7, -23,  -7,  -7,  77
 460,     0, -43, -11, -15, -43, -11
 461,     1, -14,  -6,  78, -18,  -6
 462,     1,  93, -11,  -3,  -3,  -3
 463,     1, -14, -42, -10,  54, -10
 464,     1, -38, -10, -30,  70, -38
 465,     1,  -5,  -5,  -9,  79,  -5
 466,     0, -11, -31, -11, -11, -11
 467,     1, -34, -10, -42, -18,  62
 468,     0, -27, -15, -11, -31, -19
 469,     1, -18,  -6,  -6,  90,  -6
 470,     1, -25,  -5,  -5,  87, -21
 471,     1,  70, -22, -42,  58, -10
 472,     1, -10,  62, -38, -26, -10
 473,     0, -11, -43, -43, -11, -11
 474,     1,  85, -11,  -3,  -7,  -3
 475,     1,  -6, -30,  -6,  -6,  90
 476,     1,  86,  -6,  -6,  -6,  -6
 477,     1,  88,  -8, -32,  -8,  -8
 478,     1,  94,  -2,  -2, -10,  -2
 479,     1, -28,  -8,  84,  -8,  -8
 480,     0, -11, -35, -11, -23, -31
 481,     1, -18,  90, -18,  -6, -14
 482,     1,  -6,  -6,  82,  -6, -18
 483,     1,  -5,  -5,  -5,  79, -25
 484,     1, -27, -11,  53, -11, -15
 485,     0, -10, -18, -10, -26, -10
 486,     0, -19, -31, -11, -43, -23
 487,     0, -11, -31, -23, -39, -43
 488,     1,  75,  -9,  -9,  -9, -25
 489,     1,  82,  -6,  -6, -26, -10
 490,     1,  92,  -4,  -4,  -4,  -4
 491,     0, -10, -38, -42, -10, -10
 492,     1,  -5,  -5,  -5,  91, -21
 493,     1,  -5,  -5,  91,  -5,  -5
 494,     0, -15, -11, -11, -11, -51
 495,     1,  -8,  -8,  -8,  76,  -8
 496,     0, -11, -11, -11, -11, -11
 497,     1,  91,  -5, -21,  -9,  -5
 498,     1,  -5,  -5,  -5,  -5,  91
 499,     0, -11, -39, -43, -27, -11
 500,     1,  83,  -5,  -5,  -5,  -5
 501,     1,  -9,  63,  -9, -21,  -9
 502,     1,  -4,  88,  -4, -12,  -4
 503,     1, -41,  -9,  -9,  63,  63
 504,     1, -19,  -7,  -7,  77, -15
 505,     1,  -9,  -9,  59, -33, -21
 506,     1,  91,  -5,  -5,  -5,  -5
 507,     0, -27, -19, -27, -11, -11
 508,     1,  63, -21, -25,  -9,  -9
 509,     0, -27, -11, -11, -43, -11
 510,     1,  83,  -9,  -9,  -9,  -9
 511,     1, -15,  77, -23,  -7, -19
 512,     1, -31, -15, -11,  69,  -7
 513,     1, -26,  -6, -22,  -6,  82
 514,     1,  67, -13,  -9,  -9,  -9
 515,     1,  -5,  -5,  -5,  -5,  79
 516,     1,  -4,  88,  -4,  -4,  -4
 517,     0, -11, -11, -11, -11, -39
 518,     0, -42, -22, -10, -10, -10
 519,     1,  -6,  70, -18,  -6,  -6
 520,     0, -11, -43, -11, -11, -11
 521,     1, -15,  81,  -7, -19,  -7
 522,     1, -36, -32,  -8,  84, -36
 523,     1, -17,  -9,  -9,  -9,  59
 524,     1, -22, -42, -42, -10,  58
 525,     1,  63,  -9, -13,  -9, -29
 526,     1,  -6,  -6, -30,  74,  -6
 527,     1,  -6,  -6,  -6,  -6,  78
 528,     1,  66, -18, -38, -22, -10
 529,     0, -10, -14, -10, -14, -10
 530,     1, -10, -10, -30, -42,  66
 531,     1, -28,  -8,  64,  -8,  -8
 532,     1,  -7,  85,  -7,  -7, -15
 533,     1, -11, -11, -35, -11,  53
 534,     1, -29,  -9,  -9,  67,  -9
 535,     0, -11, -31, -11, -39, -27
 536,     1,  67,  -9,  -9,  -9, -33
 537,     1, -29,  63,  -9, -21,  -9
 538,     0, -11, -43, -31, -11, -11
 539,     1,  -5,  -9, -21, -17,  83
 540,     1,  -9,  71, -41, -37,  -9
 541,     1, -22,  74, -22,  -6,  -6
 542,     0, -11, -31, -43, -11, -11
 543,     1,  -4,  -4,  -4,  80, -12
 544,     1, -22,  -6, -26,  78,  86
 545,     1, -14,  58, -10, -10, -30
 546,     1, -42,  62, -38, -22, -10
 547,     1, -21,  -5,  -5,  -5,  83
 548,     1,  -9, -29,  71,  -9, -41
 549,     1, -38, -18,  66, -10, -26
 550,     1,  -4,  -4,  92, -16,  84
 551,     1,  -5,  -5,  -5, -25,  79
 552,     0, -51, -43, -23, -11, -11
 553,     0, -10, -10, -10, -38, -10
 554,     1, -18,  82,  -6,  -6, -22
 555,     1, -10,  62, -10, -38, -42
 556,     1,  91,  -5, -21,  -5, -13
 557,     1,  84,  -4,  -4,  -4,  -4
 558,     0, -35, -27, -15, -27, -43
 559,     1, -41,  67, -33,  -9,  -9
 560,     1,  -2, -10,  -2,  90,  -2
 561,     1,  -7,  -7,  73, -11, -15
 562,     1, -33,  67,  -9, -13, -41
 563,     1, -24,  -8, -16, -40,  80
 564,     1,  -3,  -3,  93,  -3,  -3
 565,     0, -11, -19, -19, -11, -35
 566,     1,  -9,  -9,  -9, -25,  71
 567,     1, -10,  -6, -22,  74,  -6
 568,     1,  70, -10, -22, -42, -14
 569,     1,  -9,  -9,  59, -41, -33
 570,     1, -15, -11,  85,  -3,  -3
 571,     1, -42, -18,  70, -10, -10
 572,     0, -19, -11, -23, -11, -27
 573,     1,  -8,  -8,  -8,  76, -36
 574,     0, -10, -10, -30, -26, -10
 575,     1, -11, -19, -11,  61, -11
 576,     0, -11, -27, -19, -43, -43
 577,     1,  -7,  73,  -7,  -7,  -7
 578,     1, -28,  -8,  76, -24,  -8
 579,     0, -11, -11, -15, -23, -11
 580,     0, -11, -11, -11, -11, -11
 581,     0, -43, -31, -15, -19, -43
 582,     1,  -3,  93,  -3,  -3,  -7
 583,     0, -11, -31, -11, -31, -11
 584,     1, -10,  -6, -30,  -6,  82
 585,     1, -41,  75,  -9,  -9, -29
 586,     0, -10, -10, -10, -14, -10
 587,     0, -39, -35, -11, -19, -11
 588,     1,  82, -10, -18,  -6, -26
 589,     1,  -8, -24,  -8, -24,  64
 590,     1, -25,  79, -17,  -9,  -5
 591,     1, -13,  -5, -17,  87,  -5
 592,     1, -41,  -9,  59,  -9, -13
 593,     1, -39, -39, -23,  53, -11
 594,     1,  -7,  73, -27, -35,  -7
 595,     1,  -4,  -4,  -4,  -4,  84
 596,     1,  -9,  -5,  79,  -5, -17
 597,     0, -11, -11, -31, -31, -11
 598,     0, -11, -11, -11, -35, -11
 599,     1,  -4,  -4,  -4,  -4,  88
 600,     0, -43, -11, -11, -11, -11
 601,     1, -26, -10,  70, -10, -10
 602,     1,  89, -15, -19,  -7,  -7
 603,     1, -11, -11,  89,  -3,  -3
 604,     1, -36, -20,  84,  -8, -28
 605,     1,  -3,  -3,  -3,  -7,  85
 606,     0, -22, -42, -26, -26, -42
 607,     1, -22, -10,  -6,  86, -14
 608,     1,  -8, -12,  -8, -20,  88
 609,     0, -11, -11, -43, -19, -43
 610,     1,  90, -14,  -6,  -6, -14
 611,     1, -27, -23,  81,  -7, -27
 612,     1,  91,  -5,  -5, -13,  -5
 613,     1,  86, -18,  -6,  -6,  -6
 614,     1,  83,  -5,  -5,  -5,  -5
 615,     1, -11,  53, -11, -35, -11
 616,     1,  59, -25,  -9, -29,  -9
 617,     1, -32, -24,  -8,  -8,  76
 618,     1,  63, -41,  -9,  -9,  -9
 619,     1,  -7,  65,  -7, -19,  -7
 620,     1, -29, -17,  67, -37, -41
 621,     0, -11, -11, -27, -11, -11
 622,     1, -18, -22,  -6,  -6,  82
 623,     1,  79,  -5, -21, -13, -21
 624,     0, -35, -47, -11, -11, -19
 625,     0, -23, -35, -11, -43, -11
 626,     1, -20,  88, -40,  -8, -28
 627,     1, -10,  66, -10, -10, -10
 628,     0, -15, -23, -35, -11, -19
 629,     1,  65,  -7,  -7, -31,  -7
 630,     1,  -6,  -6,  -6,  70, -18
 631,     1, -30, -30, -10,  70, -18
 632,     1, -12,  -4,  84,  -4,  -4
 633,     1,  85,  -3,  -3,  -3, -11
 634,     0, -10, -10, -42, -42, -10
 635,     0, -11, -11, -11, -11, -39
 636,     1,  -5,  -5, -25,  91,  -5
 637,     1,  -4,  -4,  88,  -4,  -4
 638,     1,  -5,  87,  -5,  -5,  91
 639,     1,  63,  -9, -37, -21, -13
 640,     1, -42, -10, -42,  70, -18
 641,     1, -14, -26, -30, -22,  82
 642,     1,  -6, -26,  -6, -10,  82
 643,     1,  -5,  91,  -5,  -9,  -5
 644,     1, -11, -27,  53, -19, -43
 645,     0, -26, -26, -22, -42, -10
 646,     0, -27, -11, -11, -19, -27
 647,     0, -43, -11, -15, -43, -11
 648,     1,  71, -13, -37, -33,  -9
 649,     1, -10, -18, -18, -10,  54
 650,     1,  -9,  67,  -9,  -9, -29
 651,     1,  60,  -8, -24, -16,  -8
 652,     1, -42, -10, -10,  58, -10
 653,     1,  84,  -8,  -8,  -8,  -8
 654,     0, -11, -39, -11, -11, -39
 655,     1,  -9, -37,  59, -25, -41
 656,     1,  -3,  93,  -3, -15,  -3
 657,     1, -18,  -6, -10,  82,  -6
 658,     1,  -7, -35,  69, -19, -35
 659,     1, -10,  66, -14, -18, -26
 660,     1, -41,  -9, -33,  -9,  59
 661,     0, -11, -11, -31, -51, -27
 662,     1,  -8, -40,  -8,  64,  -8
 663,     1,  -9,  71, -17,  -9,  -9
 664,     0, -27, -11, -35, -19, -11
 665,     1,  89,  -3,  -3,  -3,  -3
 666,     0, -31, -15, -11, -43, -27
 667,     1, -18, -22,  -6,  82,  -6
 668,     0, -11, -43, -11, -11, -15
 669,     1, -11, -15,  61, -11, -11
 670,     1,  -7, -15, -31,  -7,  69
 671,     0, -11, -31, -11, -11, -19
 672,     0, -47, -23, -15, -11, -39
 673,     1,  -9,  87,  -9,  -9, -25
 674,     1,  -3,  89,  -3,  -3,  -3
 675,     1, -22,  78,  -6, -22,  -6
 676,     1, -31,  -7,  77,  -7,  -7
 677,     1,  -4,  88,  -4,  -4,  -4
 678,     1, -13,  63, -13, -41, -13
 679,     1, -25,  -9,  71,  -9, -41
 680,     0, -18, -26, -18, -10, -18
 681,     1,  84,  -8,  -8,  -8, -36
 682,     1,  -9, -29,  59, -25,  -9
 683,     1,  -5, -21, -25,  87,  -5
 684,     1,  71, -13,  -9,  -9, -21
 685,     1,  -4,  -8,  -4,  -4,  80
 686,     1,  -9, -17,  -9, -25,  67
 687,     1,  -4,  -4,  -4,  92,  -4
 688,     0, -11, -11, -23, -43, -11
 689,     1,  -5,  -5,  79,  -5, -21
 690,     1, -10,  62, -10, -10, -46
 691,     0, -11, -31, -23, -19, -11
 692,     1,  -5, -21,  79,  -5,  -5
 693,     1,  -4, -16,  88,  -4,  -4
 694,     1, -10, -10, -10, -38,  62
 695,     1,  -5,  -5,  -5, -21,  83
 696,     1,  -9,  -9,  -9,  67, -41
 697,     1, -17, -21,  83,  -5,  -5
 698,     1,  -6,  -6,  -6,  -6,  90
 699,     1,  -7,  77,  -7,  -7,  -7
 700,     1,  -5, -21,  -5, -21,  87
 701,     1,  -6,  -6,  -6,  78,  -6
 702,     1, -15,  73, -15, -23,  -7
 703,     1, -40,  -8,  76,  -8, -36
 704,     1,  83,  -5,  -5,  -5,  -5
 705,     1,  -4,  80,  -4,  -4,  -4
 706,     1,  -7,  -7,  -7, -23,  73
 707,     1,  79,  -5,  -5,  -5,  -5
 708,     1,  -5,  -5,  87,  -5,  -5
 709,     1, -17,  79,  -5, -13,  -9
 710,     0, -10, -10, -10, -42, -22
 711,     1, -42,  62, -18, -10, -38
 712,     1,  -8,  -4, -16,  88, -16
 713,     1,  -4,  92,  -4,  -4, -16
 714,     1,  -4, -16,  -4,  84,  -8
 715,     1,  -4,  -4,  -4,  84,  -4
 716,     1,  83, -17,  -5,  -5,  -5
 717,     1,  -3,  89,  -3,  -7,  -3
 718,     1,  -9,  71, -29,  -9,  -9
 719,     1, -10, -10, -26,  66, -10
 720,     1, -16,  88,  -4,  -4,  -4
 721,     1,  -4,  -4,  -4,  -4,  88
 722,     1,  -9,  -9,  -9,  -9,  67
 723,     0, -10, -42, -10, -10, -18
 724,     1,  -5,  -9, -25,  -9,  91
 725,     1,  53, -47, -11, -23, -11
 726,     1,  67, -37, -37, -41, -37
 727,     1,  91,  -5, -21,  -5,  -5
 728,     1,  -4,  92,  -4,  -4,  -4
 729,     1, -14, -10,  58, -18, -10
 730,     0, -19, -43, -11, -11, -11
 731,     0, -42, -10, -10, -10, -10
 732,     1, -32,  -8, -28,  -8,  88
 733,     0, -39, -19, -11, -11, -11
 734,     1, -37,  -9,  63,  -9, -25
 735,     1,  -8, -12,  68, -28,  -8
 736,     1, -12,  80,  -4,  -4,  -4
 737,     1,  65,  -7,  -7, -15,  -7
 738,     0, -11, -15, -11, -15, -43
 739,     1,  93,  -3,  -3,  -3,  -3
 740,     1,  -4,  80,  -4,  -4, -20
 741,     1,  92, -16,  -4,  -4,  -4
 742,     1,  -8, -16, -20, -16,  68
 743,     1,  -7,  85,  -7, -31,  -7
 744,     1,  -4,  -4,  -4,  -4,  84
 745,     1, -11,  89,  -7, -19, -31
 746,     0, -11, -19, -11, -15, -11
 747,     1, -24, -16,  80,  -8,  -8
 748,     1, -42, -26, -38, -38,  58
 749,     1, -10, -18,  58, -18, -18
 750,     1,  80, -28,  -8, -16,  -8
 751,     0, -10, -30, -10, -10, -10
 752,     1, -22, -10, -10,  62, -42
 753,     1, -11, -31, -31,  73,  -7
 754,     0, -11, -27, -27, -31, -11
 755,     1, -10, -10,  70, -18, -10
 756,     1,  -7,  -7, -23,  -7,  81
 757,     1,  -9,  -9,  -9,  71, -33
 758,     0, -15, -11, -27, -23, -11
 759,     1, -16,  -4,  -4,  -4,  88
 760,     1,  -6,  -6,  -6, -30,  82
 761,     1,  -7,  -7,  -7,  69, -11
 762,     1, -11,  73,  -7, -23, -31
 763,     1,  -9,  83,  -9, -41, -17
 764,     0, -27, -15, -43, -11, -43
 765,     1, -21,  -5,  83,  -5,  -5
 766,     1,  -6,  -6,  -6,  86,  -6
 767,     0, -11, -11, -31, -11, -11
 768,     1, -15,  -3,  -3,  89,  -3
 769,     1, -36,  -8,  64,  -8, -40
 770,     1,  83,  -5,  -9,  -5,  -5
 771,     1,  92,  -4,  -8, -20,  -4
 772,     1,  87,  -5,  -5, -13,  -5
 773,     0, -11, -15, -23, -11, -11
 774,     0, -27, -15, -19, -15, -11
 775,     0, -47, -43, -11, -11, -11
 776,     0, -11, -11, -43, -43, -43
 777,     1, -10, -10, -22,  66, -26
 778,     1, -35,  -7,  81,  -7, -11
 779,     0, -23, -27, -11, -11, -11
 780,     1,  -9,  -9, -37,  -9,  63
 781,     1, -13,  -9,  71, -17, -13
 782,     1,  90,  -6,  -6,  -6,  -6
 783,     1,  67,  -9, -25,  -9, -25
 784,     1,  78, -22, -30,  -6,  -6
 785,     1, -36,  88,  -8,  -8,  -8
 786,     0, -35, -43, -15, -43, -15
 787,     1,  73, -23,  -7, -19,  -7
 788,     0, -11, -11, -43, -27, -11
 789,     0, -11, -39, -11, -11, -11
 790,     1,  -3,  -3,  -7,  -3,  89
 791,     1,  -3,  -3,  93,  -3,  -3
 792,     1, -27,  81,  -7,  -7, -11
 793,     1,  -9,  -9, -25,  59, -13
 794,     1,  94,  -6,  -2,  -2,  -2
 795,     1, -27, -19,  69,  -7,  -7
 796,     0, -19, -11, -11, -43, -11
 797,     1,  93,  -3,  -3,  -3,  -3
 798,     1,  70, -10, -10, -10, -42
 799,     1,  -2,  94,  -2, -10,  -2
 800,     1,  -5,  83, -25,  -5,  -5
 801,     0, -11, -11, -11, -11, -11
 802,     0, -30, -18, -30, -10, -22
 803,     1, -10, -10,  62, -42, -42
 804,     1,  -3,  -3,  -3,  -3,  85
 805,     1,  -9, -37,  59,  -9,  -9
 806,     1,  -7,  65, -31,  -7, -15
 807,     0, -11, -11, -35, -11, -27
 808,     1, -25, -37, -37, -25,  67
 809,     1,  85,  -3,  -3,  -3,  -7
 810,     1,  -7,  85, -19,  -7,  -7
 811,     1,  -6, -26,  -6,  78,  -6
 812,     0, -43, -43, -19, -23, -11
 813,     0, -35, -43, -35, -11, -27
 814,     0, -23, -11, -43, -43, -43
 815,     0, -11, -19, -11, -43, -23
 816,     1,  -4,  -8,  -4,  84,  -4
 817,     1,  -6,  -6,  -6, -14,  86
 818,     0, -11, -23, -43, -11, -47
 819,     0, -23, -11, -11, -31, -11
 820,     1, -12,  -4,  -4,  92,  -4
 821,     0, -31, -11, -35, -31, -11
 822,     0, -22, -26, -26, -10, -10
 823,     0, -11, -11, -11, -11, -11
 824,     1,  69, -27,  -7, -27,  -7
 825,     1,  -5,  -5,  -5,  -5,  83
 826,     1,  83,  -5, -13,  -5,  -5
 827,     1,  -9,  -9,  -9,  67, -29
 828,     1,  -9, -25,  75, -29,  -9
 829,     1, -23,  -7,  -7,  85, -35
 830,     0, -11, -15, -27, -15, -27
 831,     1,  -7,  -7,  -7, -31,  85
 832,     1, -26, -22,  70, -10, -10
 833,     1,  -7,  -7,  77,  -7,  -7
 834,     1,  -7,  -3,  -3,  -3,  89
 835,     1, -18, -10, -10,  66, -10
 836,     1,  88,  -4, -12,  -4, -12
 837,     1,  88,  -4,  -4,  -4,  -4
 838,     0, -43, -19, -43, -11, -11
 839,     1,  -9,  67, -17,  -9,  63
 840,     1,  -4,  92, -12,  -4,  -4
 841,     0, -26, -10, -10, -26, -10
 842,     1,  84,  -8, -16,  -8,  -8
 843,     1,  -9, -21, -17,  71, -13
 844,     1, -21,  83, -21,  -9,  -9
 845,     1, -46, -10, -10,  62, -18
 846,     1, -12, -32, -16,  84,  -8
 847,     1,  90,  -6, -18,  -6,  -6
 848,     1,  -6, -22,  -6,  86, -30
 849,     1, -41,  59,  -9,  -9,  -9
 850,     1,  -9, -37, -41,  -9,  71
 851,     0, -35, -43, -11, -47, -43
 852,     1, -13,  71,  -9,  -9, -13
 853,     1, -10, -38,  58, -18, -22
 854,     1, -34, -26, -42,  62, -34
 855,     0, -11, -11, -11, -11, -35
 856,     1, -18,  66, -10, -42, -30
 857,     0, -10, -18, -10, -18, -26
 858,     1, -26, -42,  62, -10, -14
 859,     1, -28,  -8,  60,  -8, -40
 860,     1, -10, -10, -42,  62, -30
 861,     1,  89,  -3,  -3,  -7, -11
 862,     0, -23, -11, -27, -11, -11
 863,     1, -38,  66, -10, -26, -30
 864,     1,  63, -37,  -9, -21,  -9
 865,     1,  -7, -31,  69,  -7,  -7
 866,     1, -12,  -8,  -8,  72, -28
 867,     0, -11, -35, -11, -11, -39
 868,     1,  89,  -3,  -7, -11,  -3
 869,     1,  79,  -5, -17,  -5, -13
 870,     0, -11, -23, -43, -11, -11
 871,     1,  -8,  -8, -16,  72,  -8
 872,     1,  76,  -8,  -8,  -8, -20
 873,     1,  -8,  64,  -8, -28, -36
 874,     1,  -4,  -8, -20,  -4,  84
 875,     1, -10, -26,  78,  -6,  -6
 876,     1,  93,  -3,  -3, -15, -11
 877,     1,  -9, -33,  -9,  59, -33
 878,     1,  -5,  -5,  83,  -5,  -5
 879,     1,  80,  -4,  -8, -16,  -4
 880,     0, -43, -19, -23, -43, -11
 881,     1,  -3,  -3,  -7,  89,  -3
 882,     1,  -8,  76,  -8,  -8,  -8
 883,     0, -11, -35, -39, -11, -11
 884,     1,  -9, -37, -33,  63, -17
 885,     1, -21,  -9,  67,  -9, -13
 886,     1, -17, -13,  67,  -9, -17
 887,     1, -10, -10,  66, -10, -26
 888,     1, -41,  -9,  -9,  63, -13
 889,     1,  -9,  71,  -9, -41,  -9
 890,     1, -41,  63,  -9,  -9, -37
 891,     1, -26,  86, -14, -18,  -6
 892,     0, -43, -39, -27, -19, -31
 893,     0, -11, -19, -11, -23, -11
 894,     1,  83, -21,  -9,  -9, -21
 895,     1, -10, -42, -10,  66, -10
 896,     1,  -9, -17,  63,  -9, -25
 897,     1,  54, -42, -38, -10, -42
 898,     1,  71, -41, -21, -25,  -9
 899,     1, -37, -41, -37, -29,  67
 900,     1,  -3,  93,  -3,  -3,  -3
 901,     1,  -9,  75,  -9,  -9,  -9
 902,     0, -23, -19, -23, -51, -11
 903,     1, -36, -32,  76,  -8,  -8
 904,     1,  -5,  -5,  83,  -9,  -5
 905,     0, -11, -11, -47, -35, -27
 906,     1, -36, -12,  -8,  60, -12
 907,     1,  -3,  85,  -3,  -3,  -3
 908,     0, -10, -10, -10, -46, -10
 909,     1,  -5,  -5,  -5, -17,  91
 910,     1,  -7,  73, -11,  -7, -11
 911,     1,  71,  -9,  -9,  -9, -25
 912,     0, -11, -43, -39, -39, -11
 913,     1,  -6, -14,  86, -18,  -6
 914,     1, -41,  59,  -9, -17,  -9
 915,     1,  -9,  -9,  67,  -9,  -9
 916,     1,  84,  -8,  -8,  -8,  -8
 917,     0, -11, -11, -11, -11, -47
 918,     1,  -7,  77, -23,  -7,  -7
 919,     1,  93,  -3,  -3,  -7,  -3
 920,     1,  -7,  -7, -19,  69,  -7
 921,     1, -22, -10, -10,  58, -42
 922,     1,  84, -16,  -4,  -4,  -4
 923,     1, -15,  85,  -7, -31, -15
 924,     1, -29, -37,  59, -29,  71
 925,     1,  -8,  68, -16,  -8, -32
 926,     0, -11, -11, -35, -35, -11
 927,     0, -11, -23, -11, -19, -39
 928,     0, -11, -11, -11, -11, -11
 929,     1, -30,  54, -34, -18, -42
 930,     0, -11, -11, -23, -15, -11
 931,     1, -14, -10, -10,  62, -22
 932,     1,  -4,  -4,  84, -16,  -4
 933,     1,  -5,  -5,  79, -13,  -5
 934,     1,  -8,  60, -36,  -8,  -8
 935,     1, -10, -38, -10, -10,  70
 936,     0, -19, -11, -15, -47, -11
 937,     0, -23, -39, -11, -11, -43
 938,     1,  -8,  -8,  72,  -8,  -8
 939,     1,  -5,  -9,  -5,  -5,  87
 940,     1,  -7,  -7,  73, -19, -27
 941,     0, -11, -19, -27, -35, -11
 942,     1,  -9,  -9,  79,  -9,  -9
 943,     1,  73,  -7,  -7,  -7, -27
 944,     1,  90,  -2,  -2, -10,  -2
 945,     1,  -7, -19,  73,  -7,  -7
 946,     1, -31,  -7,  -7,  -7,  73
 947,     0, -15, -11, -43, -11, -19
 948,     0, -11, -11, -43, -11, -43
 949,     1,  -8,  -4,  -4,  88,  -4
 950,     1,  -4, -16, -12,  92,  -8
 951,     1,  -4,  88,  -8,  -4,  -4
 952,     1,  -8, -40,  64,  -8, -20
 953,     0, -43, -35, -11, -11, -51
 954,     1,  73, -35, -27, -23,  -7
 955,     1, -11,  69,  -7,  -7, -31
 956,     1,  -7,  -7,  -7,  -7,  77
 957,     0, -11, -39, -15, -11, -11
 958,     0, -15, -43, -11, -11, -11
 959,     1, -27,  -7,  77, -15,  -7
 960,     1,  -7,  -7,  -7,  73,  -7
 961,     1, -16,  -8,  76,  -8,  -8
 962,     1, -18, -22, -18,  -6,  78
 963,     1,  83,  -5,  -5,  -5,  -5
 964,     1, -10, -42,  70, -10, -14
 965,     0, -31, -11, -15, -11, -43
 966,     1, -21,  83, -17,  -5,  -5
 967,     1, -41,  -9,  83,  -9, -41
 968,     1, -11, -11, -11, -11,  49
 969,     0, -10, -42, -18, -30, -10
 970,     1, -14, -10, -42, -30,  58
 971,     0, -43, -11, -43, -11, -43
 972,     1,  -4,  88,  -8,  -4,  -4
 973,     1,  77, -31,  -7,  -7, -31
 974,     1,  92,  -4,  -8,  -4,  -4
 975,     0, -31, -43, -27, -11, -19
 976,     1, -26, -38, -10, -14,  62
 977,     0, -11, -47, -27, -19, -11
 978,     1,  68,  -8,  -8, -12,  -8
 979,     1,  94,  -2,  -2,  -2,  -2
 980,     1,  -5,  91,  -5, -17,  -5
 981,     1,  -4,  84,  -4,  -4,  -8
 982,     1,  -7,  -3, -11,  93,  -3
 983,     1, -42, -10,  74, -10, -10
 984,     1,  -2,  -2,  -2,  90,  -2
 985,     1,  71,  -9, -41, -17,  -9
 986,     1,  -4,  -4,  -8, -20,  88
 987,     1, -10,  70, -42, -26, -42
 988,     0, -10, -10, -10, -10, -10
 989,     0, -23, -11, -11, -11, -43
 990,     1, -33, -41,  63, -21, -29
 991,     1,  -4,  92,  -4,  -4,  -4
 992,     0, -11, -43, -15, -27, -11
 993,     1, -40, -36, -28, -12,  72
 994,     1,  -8,  -8,  76,  -8, -16
 995,     0, -10, -10, -26, -10, -26
 996,     0, -11, -43, -11, -31, -11
 997,     1,  -3,  93, -11,  -3,  -3
 998,     1,  -8,  -8,  88, -20,  -8
 999,     1,  -4,  84,  -4,  -4,  -4
