nExp, valid,  A0,  A1,  A2,  A3,  A4,  A5,  A6,  A7,  A8,  A9
   0,     1,  -7,  -7,  -7,  -7,  81,  -7,  -7,  -7,  -7, -31
   1,     0, -43, -23, -27, -43, -11, -43, -43, -11, -11, -47
   2,     1,  82, -18, -30, -26,  -6,  -6,  -6,  -6,  -6, -22
   3,     1,  -5, -13,  -5,  -5,  -5,  79, -25,  -5,  -5,  -5
   4,     1,  -9, -33,  -9,  -9, -41,  67, -21, -25, -25,  -9
   5,     1,  -8,  -8, -12,  -8,  -8,  80, -36, -16, -24, -20
   6,     1,  -5,  -5,  -5,  -5,  79,  -5,  -5,  -5,  -5,  -9
   7,     1,  74, -22,  -6, -30, -14,  -6, -26,  -6, -30,  -6
   8,     1,  -5,  -5,  -5,  -5, -25, -13,  83,  -5,  -5,  -5
   9,     1, -16,  -4,  -4,  -4,  80,  -4,  -4, -20,  -4, -12
  10,     1, -10, -10, -10,  58, -22, -10, -10, -38, -42, -18
  11,     1,  -4,  88, -16,  -8,  -4, -16, -12,  -4,  -4,  -4
  12,     1,  -3,  -3,  -3,  -3,  89,  -3,  -7,  -3, -11,  -3
  13,     1,  -6,  -6,  -6,  -6,  -6,  -6,  74,  -6, -10,  -6
  14,     1,  -8, -16, -12,  -8,  -8,  -8, -28,  -8, -16,  76
  15,     1,  -6, -30,  -6,  -6,  -6, -26, -18,  86,  -6,  -6
  16,     1, -17,  -5,  -5, -13,  -5,  -5,  -5,  -5,  79,  -5
  17,     0, -39, -11, -15, -11, -23, -19, -31, -27, -43, -11
  18,     1,  -7,  -7,  -7,  -7,  -7,  -7, -23,  -7,  -7,  89
  19,     1, -10, -18, -10, -30, -26, -14, -26,  58, -14, -10
  20,     1,  -5,  -5,  -5,  -5, -13,  -5, -13,  -5,  -5,  91
  21,     1, -31,  -7, -23, -31,  -7,  -7,  -7,  69,  -7,  -7
  22,     1, -19,  -7,  65,  -7,  -7,  -7,  -7, -27, -11,  -7
  23,     1,  -8, -24, -32, -36, -24,  -8, -16,  -8, -12,  64
  24,     1, -10, -10, -38, -22,  66, -10, -10, -10, -22, -10
  25,     0, -11, -39, -11, -11, -15, -11, -43, -11, -31, -35
  26,     1,  -4,  -4,  92,  -4, -20,  -4, -12, -16,  -4,  -4
  27,     1,  -3,  -3,  93,  -3, -15,  -7,  -3,  -3,  -3,  -3
  28,     1,  -4,  -4, -16,  -4,  -4,  -4,  -4,  88,  -8,  -4
  29,     1, -26, -18, -10, -10,  70, -10, -22, -10, -10, -10
  30,     1,  -2,  -2, -10,  94,  -2,  -2,  -2,  -2,  -2,  -2
  31,     1, -31,  -7,  -7,  -7, -23,  -7,  -7,  69,  -7,  -7
  32,     1, -30,  -6, -22, -26,  -6, -10,  74, -22, -18, -18
  33,     1,  -6,  -6,  -6,  -6, -14,  -6,  -6,  -6,  82, -22
  34,     1,  -5,  -5,  -5,  -5,  -5,  -5, -17,  83,  -5,  -5
  35,     1,  73, -23, -27,  -7,  -7,  -7,  -7, -27, -15, -27
  36,     1,  -3,  -3,  -3,  -3,  -3,  -3,  85,  -3,  -3,  -3
  37,     1,  -8,  -4,  -4,  -4,  -4,  92,  -4,  -4, -12,  -4
  38,     1, -18, -14,  -6, -30,  -6,  -6, -18,  90,  -6,  -6
  39,     1, -10, -10,  78, -26, -22,  -6, -18,  -6,  -6,  -6
  40,     1, -36,  -8, -36,  -8, -24,  -8,  -8, -16, -20,  84
  41,     1, -22,  -6,  82,  -6, -14,  -6,  -6,  -6, -10, -10
  42,     1,  -7, -31,  69,  -7,  85,  -7,  -7, -35,  -7, -35
  43,     1, -11,  -3,  -3,  -3,  -3,  -3,  -3,  -7,  89,  -3
  44,     1,  -8,  -4,  -4,  -8,  -4,  80, -16, -20,  -4,  -4
  45,     1, -31,  -7, -35,  -7, -31,  65, -15, -23, -27, -19
  46,     1,  -3,  -3,  -3,  93,  -3,  -3,  -3,  -3, -15, -11
  47,     1,  -2,  -2,  -2,  -2,  -2,  -2, -10,  -2,  90,  -2
  48,     1,  -9,  -9,  -9, -13, -21,  -9,  -9, -37,  59,  -9
  49,     1, -41, -25,  -9,  -9,  -9, -41,  59, -21, -25,  -9
  50,     1, -13,  -9,  -9,  83,  -9,  -9, -41, -21,  -9, -41
  51,     1, -18, -10, -34, -10, -10, -10, -14, -10,  58, -10
  52,     1, -25, -41,  -9,  59,  -9, -37, -41, -13,  -9,  -9
  53,     1,  -5,  -5,  -5,  -5,  -9, -13,  -5,  87,  -5, -21
  54,     1,  -8,  -4, -12,  -4,  -4,  -4,  -4,  92,  -4,  -4
  55,     1, -31,  -7,  -7,  -7, -27,  -7,  -7,  85,  -7, -27
  56,     1, -14,  -6,  -6,  -6,  -6, -18,  -6,  -6, -22,  70
  57,     1, -41,  -9,  59, -29, -21,  -9,  -9,  -9,  -9,  59
  58,     1,  -2,  -2,  -2,  -2,  90,  -2,  -2,  -2,  -2,  -2
  59,     1,  -3,  -3,  -3, -11,  -3,  -3,  -3, -11,  93,  -3
  60,     1, -22, -10, -22, -10, -42,  70, -42, -10, -10, -22
  61,     0, -10, -34, -38, -14, -34, -34, -10, -14, -10, -10
  62,     1,  88,  -4,  -4,  -4,  -4,  -4,  -4,  -4,  -4,  -4
  63,     1,  -4,  -4,  -4,  -4,  80,  -4, -20,  -4, -16, -12
  64,     1,  -2,  -2,  -2,  -2,  90,  -2,  -2,  -2,  -2,  -2
  65,     1,  -9,  -5,  -5,  -5,  83,  -5,  -5,  -5,  -5, -21
  66,     1, -36,  -8, -16,  64,  -8,  -8,  -8,  -8,  -8,  -8
  67,     1, -40,  64, -24,  -8,  -8, -28, -28, -16, -32, -36
  68,     1,  86,  -6,  -6,  -6,  -6, -26,  -6, -10,  -6,  -6
  69,     1, -10, -10, -18,  62, -22, -38, -30, -10, -26, -42
  70,     1,  -8, -28, -36, -12,  -8,  -8,  -8,  -8,  64, -12
  71,     1, -41,  -9,  59, -33,  -9,  -9, -29,  -9, -41,  -9
  72,     1, -41, -33, -29, -25, -25,  -9, -21,  71, -21,  -9
  73,     1,  -6, -26, -10,  -6,  -6,  -6,  86,  -6, -18,  -6
  74,     1,  -5,  -5,  -9,  -5,  79,  -5,  -5,  -9,  -5,  -5
  75,     1, -17,  -5, -25,  79,  -9,  -5,  -9,  -5,  -5,  -5
  76,     1,  -4, -12,  -4, -16,  -4,  -4,  -4,  -8,  -4,  80
  77,     1,  82,  -6, -26,  -6,  -6, -18,  -6, -10, -18, -10
  78,     1,  -6,  86,  -6,  -6,  -6, -10, -30, -10,  -6, -18
  79,     1,  -6,  -6,  -6, -22,  78,  -6,  -6,  -6, -26, -10
  80,     1,  -4,  -4,  84,  -4,  -4, -12,  -4,  -8, -12,  -4
  81,     0, -11, -31, -11, -15, -43, -15, -11, -11, -39, -35
  82,     1, -14, -22, -18,  -6, -10,  74,  -6,  -6, -14,  -6
  83,     1, -27,  -7, -35,  89, -35,  -7,  -7,  -7,  -7, -35
  84,     1, -27,  -7, -31, -35,  -7, -19,  77,  -7, -15,  -7
  85,     0, -11, -11, -27, -11, -11, -15, -11, -43, -11, -31
  86,     1,  -4,  84, -12,  -4, -20, -20,  -4,  -4, -12,  -4
  87,     1,  -5,  83, -13,  -5,  -5,  -5, -17,  -5,  -5,  -5
  88,     1, -19, -19,  -7,  -7,  81,  -7, -11,  -7,  -7, -31
  89,     1, -41,  67, -13, -41,  -9, -33,  -9,  -9,  -9, -13
  90,     1, -13,  79,  -5, -17,  -5,  -5,  -5,  -5,  -5, -17
  91,     1,  49, -23, -11, -11, -11, -11, -11, -43, -11, -43
  92,     1,  -5,  91,  -5,  -5, -17,  -5,  -5,  -5,  -5, -13
  93,     1,  -9, -33, -17, -13,  71, -13,  -9, -33, -13, -41
  94,     1, -12, -16,  -4,  -4, -20,  -4,  92, -12,  -4,  -4
  95,     1,  -4,  92,  -4,  -4,  -4,  -4,  -4,  -4, -16, -16
  96,     1,  -6,  -6,  -6, -14, -22, -22,  82, -30,  -6,  -6
  97,     1,  -6, -26,  -6, -22, -14,  90, -22, -30, -14, -10
  98,     1, -31,  85, -11, -31,  -7,  -7, -27, -31,  -7, -27
  99,     1,  -5,  -5,  -5,  -5,  -5,  91,  -9,  -5, -13,  -9
 100,     0, -43, -11, -11, -23, -27, -11, -11, -11, -47, -11
 101,     1,  -3,  -3,  89,  -3, -11,  -3,  -3,  -3,  -3,  -3
 102,     0, -10, -14, -10, -10, -10, -10, -26, -10, -42, -10
 103,     1,  -4,  -4,  88,  -4,  -4, -16,  -4,  -4,  -4,  -4
 104,     1, -11, -35, -11, -31, -15, -11, -35,  53, -23, -19
 105,     1,  -8,  88,  -8,  -8,  -8,  -8,  -8, -12,  -8, -20
 106,     1,  78,  -6, -30,  -6,  -6, -26,  -6,  -6,  -6,  -6
 107,     0, -11, -43, -11, -11, -27, -11, -11, -19, -11, -19
 108,     1, -16,  68,  -8,  -8,  -8,  -8, -36,  -8, -24,  -8
 109,     1,  66, -10, -10, -30, -10, -10, -22,  58, -14, -10
 110,     1, -17,  -5,  -5,  -5,  -5,  -5,  -5,  79,  -5,  -5
 111,     1,  -9,  -9,  -9,  67, -33,  -9,  -9, -17,  -9,  -9
 112,     1, -33,  -9,  63,  -9, -33,  -9,  -9,  -9, -13,  -9
 113,     1, -26,  -6,  -6, -26,  -6,  -6,  -6,  74,  -6, -18
 114,     1,  -5,  -5,  -5,  -5,  -5,  91,  -5,  -5,  -5, -25
 115,     1,  -9, -17,  -9,  63,  -9,  -9,  83,  -9, -21, -25
 116,     1,  -5,  -9,  -5,  79,  -5, -17,  -5, -21,  -5,  -9
 117,     1,  63,  -9,  -9,  -9,  -9,  -9, -41,  -9,  -9,  -9
 118,     1,  -3,  -3,  93,  -3,  -3, -11,  -3,  -3,  -3,  -3
 119,     1,  -8, -16,  68,  -8, -20, -24,  -8, -36, -12,  -8
 120,     1,  -6,  -6,  -6,  -6,  -6,  82, -14,  -6,  -6,  -6
 121,     1, -41, -17,  -9,  -9,  -9, -37,  -9,  -9,  67, -13
 122,     1,  -7,  -7, -11,  -7, -27,  -7,  -7,  -7,  -7,  81
 123,     1, -15, -11,  -3,  -7,  -7, -11,  -3,  93,  -3,  -3
 124,     1, -26,  -6,  -6,  -6,  -6,  -6,  70,  -6, -10,  -6
 125,     1,  -2,  -2,  -2,  -2,  -2,  -2,  -2,  -2,  90,  -2
 126,     1, -19,  -7,  -7,  -7,  -7,  -7, -23, -11,  -7,  65
 127,     1, -20, -12,  -8,  -4, -16,  -4,  -4,  -4,  88,  -4
 128,     1,  -6,  74, -14,  -6, -30,  -6,  -6,  -6,  -6, -18
 129,     1, -38, -22, -10, -10, -10, -10,  74, -14, -22, -10
 130,     0, -43, -27, -11, -11, -11, -47, -15, -11, -27, -43
 131,     1,  -8, -28, -36,  -8,  -8, -28, -24, -36,  -8,  68
 132,     1,  -7,  81, -15,  -7,  -7, -15,  -7, -19, -35, -19
 133,     1,  -2,  -2,  -2,  -2,  94,  -2,  -2,  -2,  -2,  -2
 134,     1,  -6,  -6,  86,  -6, -22,  -6, -30,  -6,  -6,  -6
 135,     1,  -7,  -7,  -7, -11,  85,  -7,  -7, -31, -15, -15
 136,     1, -27,  -7,  73,  -7,  -7,  -7, -19, -35, -31, -19
 137,     1,  89,  -3,  -3,  -3, -11,  -7,  -3,  -3,  -3,  -3
 138,     1,  -2,  -2,  -2,  -2,  -2,  -2,  -2,  -2,  -2,  94
 139,     1, -41, -33,  -9, -29,  -9,  67,  -9,  -9,  -9,  -9
 140,     1,  -7,  -7,  -7,  -7, -31,  -7, -35, -23,  69,  -7
 141,     1,  -6,  70,  -6,  -6,  -6, -30, -14,  -6, -10,  -6
 142,     1,  -4,  -4, -12,  -4,  92,  -8,  -4,  -4,  -4,  -4
 143,     1,  -3,  -3,  85,  -3,  -3,  -3,  -3,  -3,  -3,  -3
 144,     1,  88,  -8, -12, -24,  -8, -36,  -8,  -8, -32,  -8
 145,     1,  -2,  -2,  -2,  90, -10,  -2,  -2,  -2,  -2,  -2
 146,     1, -11, -11, -11, -43, -39, -47,  53, -51, -11, -43
 147,     1, -38, -10, -10,  58, -10, -14, -18, -34, -10, -10
 148,     1, -10, -10, -10, -42, -10, -10,  58, -10, -10, -46
 149,     1,  85,  -3,  -3, -11,  -3,  -3,  -3, -11,  -3,  -3
 150,     1,  -9,  -9,  67, -41, -13, -21,  -9, -29,  -9, -17
 151,     0, -27, -11, -11, -11, -23, -23, -11, -31, -11, -27
 152,     1, -19,  89,  -7,  -7,  -7,  -7,  -7, -31, -31,  -7
 153,     1,  -5,  79,  -5,  -5,  -5,  -5,  -5,  -5,  -5,  -5
 154,     1,  -3, -11,  -3,  -3,  -3, -11,  -3,  -3,  -3,  93
 155,     1,  -9, -21, -37, -37, -13, -33,  -9,  -9,  67, -21
 156,     1,  -5, -17, -13,  -5, -17,  -5,  -5, -21, -13,  87
 157,     1,  -3,  -3,  85,  -3,  -3,  -3, -11,  -3,  -3,  -3
 158,     1,  -3,  -3, -11,  89,  -3,  -3,  -7,  -7,  -3, -15
 159,     1,  67,  -9, -25, -21, -29, -41,  67, -13, -41,  -9
 160,     1, -10, -30, -42, -42, -10, -10, -26, -10,  62, -26
 161,     1, -12,  -4,  -4,  -4,  84,  -4,  -8,  -4,  -4,  -4
 162,     1, -41,  -9,  -9, -37,  -9,  87, -25,  -9,  -9,  -9
 163,     1,  93, -11,  -3,  -3,  -7,  -3, -11,  -3,  -3,  -3
 164,     1,  -2,  -2,  -2,  -2,  -2,  -2,  -2,  90,  -6,  -2
 165,     1,  60, -12, -12, -36, -12,  -8,  -8, -32,  -8, -24
 166,     1,  -9, -13,  -9, -25,  59, -37,  -9,  -9, -33,  -9
 167,     1,  62, -42, -42, -26, -22, -10, -10, -42, -10, -10
 168,     1,  70, -42, -26, -10, -22, -10, -18, -38, -26, -30
 169,     1, -10, -10, -18, -38, -10, -18, -10, -14,  58, -10
 170,     1, -29, -33, -33,  63, -37, -29,  -9,  -9, -41,  -9
 171,     1,  78,  -6,  -6,  -6,  -6,  -6,  -6,  -6,  -6, -14
 172,     1,  74, -18,  -6,  -6,  -6,  -6,  -6, -14,  -6, -18
 173,     1, -26,  -6,  -6,  -6,  -6,  -6,  -6,  82,  -6, -26
 174,     1, -23,  -7, -35,  -7, -23, -23, -27,  -7,  77,  -7
 175,     1, -43,  53, -27, -15, -11, -11, -11, -47, -43, -35
 176,     1,  60, -12,  -8,  72,  -8, -16, -24, -20,  -8, -32
 177,     1,  -5,  -9, -13,  79,  -5, -25,  -5,  -5,  -5,  -5
 178,     1,  -3,  -3,  -3,  -3,  -3,  93,  -3,  -3,  -3,  -3
 179,     1,  -8,  -4,  -4, -20,  -4,  88, -20,  -4, -12,  -4
 180,     1,  -8,  -4,  -4,  -4,  -4,  -4,  80,  -4,  -8, -12
 181,     1, -13,  59, -33, -17,  -9, -17,  -9,  -9, -17,  -9
 182,     1, -11,  -7,  -7, -27,  89,  -7,  -7, -15, -11,  -7
 183,     1, -17,  -5, -25,  -5,  -5,  -9, -17,  79,  -5,  -5
 184,     1,  -3,  -3,  -7,  -3,  -3,  -3,  -7,  -3,  93,  -3
 185,     1, -33, -21,  -9, -37,  -9,  -9,  79, -41,  -9, -25
 186,     1,  -3,  -3,  -3,  -3,  -3,  -7,  -3,  -3,  93,  -3
 187,     1,  -9,  -9,  -9, -21, -41, -17,  67, -21, -21,  -9
 188,     1,  -9, -21,  -9,  -9,  -9,  -9,  -9,  71, -21,  -9
 189,     1,  67, -33, -25, -37,  -9,  -9,  -9, -37,  -9,  -9
 190,     1, -21,  -5,  79,  -5,  -5,  -5, -21,  -5,  -5,  -5
 191,     1, -10, -10, -10, -42, -10, -10, -42, -38,  66, -14
 192,     1, -15,  -7, -19,  -7,  -7,  -7,  -7,  89, -11,  -7
 193,     1,  71, -33,  -9, -17,  -9,  -9,  -9,  -9,  -9,  -9
 194,     0, -10, -42, -42, -22, -10, -10, -18, -14, -10, -26
 195,     1, -11,  53, -31, -31, -43, -11, -31, -15, -35, -11
 196,     1, -21,  -9,  -9, -21, -37,  -9,  71, -13, -41, -21
 197,     1,  -5,  -5,  79,  -5,  -5,  -5,  -5,  -5,  -5,  -5
 198,     1,  84,  -4,  -4,  -4,  -4, -16,  -4,  -4,  -4,  -4
 199,     0, -35, -11, -11, -39, -43, -11, -19, -23, -11, -27
 200,     1, -41,  -9,  -9, -13,  -9,  -9, -41,  -9,  87, -41
 201,     1, -36, -16, -36,  -8, -28,  -8,  68, -12,  -8,  -8
 202,     1,  -4,  -8,  -4,  -4,  -4,  -4,  -4,  92,  84,  -4
 203,     1, -42, -10,  62, -10, -34, -22, -42, -10, -10, -10
 204,     1,  -6, -10,  -2,  -2,  -2,  -2,  -2,  -2,  -2,  90
 205,     1, -10, -10, -10, -10, -26, -10, -10,  58, -10, -10
 206,     1,  79,  -5,  -5,  -5,  -9,  -9,  -5,  -5,  -5, -13
 207,     0, -15, -15, -27, -27, -11, -31, -23, -11, -11, -47
 208,     1,  -4,  -4,  84,  -4,  -4,  -4,  -4,  -4,  -4,  -4
 209,     1,  -5, -25,  -5,  87, -17, -17,  -5,  -5,  -5,  -5
 210,     1, -10, -34, -38, -42, -10, -42, -22,  54, -26, -10
 211,     0, -39, -11, -51, -15, -31, -27, -11, -27, -31, -11
 212,     1,  -4,  -4, -16, -16, -16,  -4, -16,  -4,  84,  -4
 213,     1, -10, -10, -46, -10, -14,  62, -42, -30, -26, -10
 214,     1,  -3,  -3,  -3,  -3,  -3,  89, -11,  -3,  -3,  -3
 215,     1, -20,  -4,  -4,  -4, -16,  80,  -8,  -4,  -4,  -8
 216,     1, -10, -10,  -6,  74,  -6,  -6, -10,  -6,  -6,  -6
 217,     1,  -3,  -3,  -7,  -3,  -3,  89,  -3,  -3,  -3, -11
 218,     1, -25, -25,  -9,  -9, -17, -25, -41,  87,  -9, -29
 219,     1,  -5,  -5, -21,  -5, -21,  -5,  -9,  -5, -25,  79
 220,     1,  -5,  -5, -13,  -5,  -5,  -5, -17,  -5,  -5,  79
 221,     1, -11, -35, -27, -11, -27, -11, -35, -43, -39,  53
 222,     1,  84,  -4, -12, -20,  -4,  -4,  -8, -20, -16,  -4
 223,     0, -11, -35, -43, -11, -11, -27, -11, -31, -43, -15
 224,     1,  85,  -3, -11,  -3,  -3,  -3,  -7,  -3, -11,  -3
 225,     1,  -6,  74,  -6,  -6, -18,  -6,  -6,  -6, -14, -26
 226,     1,  -4,  -4,  -4,  84, -16,  -4,  -4,  -8,  -4,  -4
 227,     1, -11,  -3,  93, -15,  -7,  -3,  -3,  -7,  -3,  -3
 228,     1,  91,  -5,  -5,  -5,  -5,  -5,  -5,  -5,  -5, -13
 229,     0, -11, -11, -31, -15, -15, -11, -11, -43, -39, -43
 230,     1, -30, -10, -10, -10, -42, -10,  62, -42, -10, -10
 231,     1, -22, -34, -14, -10,  62, -10, -22, -10, -42, -10
 232,     1,  -5,  -5,  79, -13, -13,  -9,  -5,  -5,  -5, -13
 233,     1,  69, -19,  -7,  -7, -15, -15,  -7,  -7, -27, -23
 234,     1,  -4,  -4,  -4,  -4,  -4,  -4,  -4,  -4,  -4,  88
 235,     1, -10, -10,  54, -42, -42, -10, -42, -42, -22, -14
 236,     1, -24, -28,  -8,  60,  -8,  -8,  -8, -12, -32,  -8
 237,     1,  89,  -3,  -3,  -3, -11,  -3,  -3,  -3,  -3,  -7
 238,     1,  -3, -15,  89, -11,  -3,  -3,  -3,  -3,  -7, -15
 239,     1,  -8,  -8, -36, -28, -36,  -8, -40,  84,  -8,  -8
 240,     1, -18,  70,  90,  -6,  -6, -14, -14,  -6,  -6,  -6
 241,     1,  -6,  -6, -18,  86, -14,  -6,  -6,  -6,  -6, -14
 242,     1,  77,  -7,  -7, -23,  -7,  -7, -35,  -7,  -7,  -7
 243,     1, -10, -10, -30, -42, -22,  66, -42, -38, -38, -10
 244,     1, -18, -30, -10, -18, -18, -42,  58, -10, -10, -30
 245,     1,  92,  -4,  -8,  -4,  -4,  -4,  -4,  -4,  -4,  -4
 246,     1,  -5,  -5,  -5, -21,  -5,  -5,  -5,  87,  -5, -17
 247,     1,  -4, -16,  -4,  -4,  -8,  -4,  92, -20,  -4,  -8
 248,     1, -22,  -6, -14,  -6, -14,  -6, -10,  -6,  86,  -6
 249,     1,  -6,  -6, -18,  -6,  78,  -6, -18,  -6,  -6, -18
 250,     1,  -4,  -4,  -4,  84, -20,  -4,  -4,  -4,  -4,  -4
 251,     1,  71,  -9, -29,  -9,  -9,  -9,  -9, -41,  -9, -21
 252,     1,  -8,  84,  -4,  -4, -12,  -4, -12,  -4, -12,  -4
 253,     1, -11,  69,  -7, -31,  -7, -11, -11, -35,  -7,  -7
 254,     1, -17, -21,  -5,  -5,  -5,  -5, -13,  -5,  -5,  79
 255,     1, -42, -14, -38,  54, -10, -18, -18, -10, -10, -10
 256,     1,  -6, -22,  -6, -30, -18, -22,  -6,  -6, -14,  90
 257,     1,  -5,  -9,  -5,  -5,  79,  -5, -21,  -5,  -9,  -5
 258,     1,  -3,  89,  -3,  -3,  -3,  -3,  -3,  -3,  -3,  -3
 259,     1,  80,  -4, -12,  -4,  -4,  -4, -20,  -4,  -4,  -4
 260,     1, -27,  -7,  -7,  -7,  -7,  -7,  -7,  77,  -7,  -7
 261,     1, -18, -10, -10, -42, -42, -14, -10, -10, -14,  62
 262,     1, -12,  -4,  -4,  -4,  -4,  -4,  80,  -4,  -4,  -4
 263,     1,  -6, -22,  -6, -18, -10,  -6,  -6,  -6,  -6,  86
 264,     1,  70, -22, -42, -22, -10, -10, -10, -10, -42, -10
 265,     1,  89,  -3,  -3,  -3,  -3,  -3,  -3,  -3,  -3,  -3
 266,     1,  -3,  -3,  93,  -3,  -3,  -3,  -3, -11,  -7, -11
 267,     1,  88,  -8,  -8,  -8, -36, -36, -32,  -8, -36,  -8
 268,     1,  -7,  -7, -23,  89,  -7,  -7,  -7,  -7,  -7,  -7
 269,     1, -41,  79, -17, -41, -37,  -9, -13,  -9, -41, -13
 270,     1,  -8, -32, -36, -12,  -8,  -8, -32,  -8,  76,  -8
 271,     0, -11, -15, -11, -23, -11, -31, -11, -43, -11, -27
 272,     1,  -5,  -5,  -5,  79,  87,  -5,  -5,  -5,  -5,  -5
 273,     1, -26, -18, -14, -10, -10, -10, -10,  66, -38, -18
 274,     1,  -9, -37,  59, -25, -29,  -9,  -9,  -9, -41,  -9
 275,     1,  -5,  -5,  -9,  -5,  -9,  -5,  -5,  -5,  -5,  79
 276,     1,  -5,  79,  -5, -13,  -5, -13, -21,  -5,  -5, -17
 277,     1, -14,  86, -14, -26, -10,  -6,  -6,  -6,  -6,  -6
 278,     0, -19, -23, -43, -31, -31, -11, -11, -11, -27, -35
 279,     1,  -8,  -8, -36,  -8,  80, -40,  -8, -16, -28,  -8
 280,     1,  -7,  -7, -11, -27,  85,  -7, -19,  -7,  -7,  -7
 281,     1, -21, -21,  -5,  -5,  -5,  -5,  79,  -5,  -5,  -5
 282,     1, -11, -11, -27, -11, -31, -39, -11,  53, -31, -11
 283,     1,  -9,  -9,  71,  -9, -17,  -9,  83,  -9, -21,  -9
 284,     1, -31,  -7,  -7,  -7,  89, -23,  -7, -23,  -7,  -7
 285,     1, -10, -10, -10,  70, -22, -14, -42, -18, -22, -10
 286,     1,  -8,  -4,  84, -12,  -4,  -4,  -4,  -4,  -4, -12
 287,     1,  -7,  81, -27,  -7,  -7,  -7, -35,  -7,  -7,  -7
 288,     1,  -7, -19,  -7,  -7, -19,  77,  -7, -35, -11,  -7
 289,     1,  -4,  -4,  -8, -20, -16, -20,  -4, -12,  88,  -4
 290,     0, -11, -11, -31, -43, -11, -35, -39, -11, -31, -43
 291,     1, -22, -26, -10, -10,  62, -10, -38, -10, -10, -10
 292,     1,  -6,  -6, -10, -10,  -6,  78,  -6, -14,  -6, -14
 293,     1,  -9,  -9,  -9,  -9, -29, -41,  -9, -29,  -9,  71
 294,     1,  -4,  -4,  -4,  -4,  -4,  92,  -4,  -4,  -4,  -4
 295,     1, -26,  -6,  -6,  -6,  -6,  -6,  70, -18, -14, -14
 296,     1, -31, -11, -15,  -7, -31, -19,  -7, -15,  -7,  65
 297,     1, -22, -10, -10, -42, -30, -10, -10,  62, -18, -22
 298,     1,  88,  -4,  -4,  -4,  -4,  -4,  -4,  -4,  -4,  -4
 299,     1, -16, -16, -16,  -4,  -4,  -4,  -4,  -4,  92,  -4
 300,     0, -27, -19, -51, -11, -43, -31, -11, -11, -11, -11
 301,     1, -14,  -6,  -6,  -6,  -6, -18,  86, -22, -14,  -6
 302,     1, -20,  -8,  88, -32,  -8, -36, -20,  -8,  -8, -32
 303,     1,  65,  -7,  -7,  -7, -11,  -7,  -7,  -7, -15,  -7
 304,     1,  93,  -3,  -3,  -7,  -3,  -3,  -3,  -3,  -3,  -3
 305,     1,  -7,  81,  -7, -15,  -7,  -7,  -7,  -7,  -7,  -7
 306,     1,  -3,  93,  -3,  -7,  -3,  -3,  -3,  -3,  -3, -15
 307,     1,  -6,  -6,  -6, -10,  -6, -26, -10, -22, -18,  82
 308,     1,  -5,  -5,  79, -21,  -5,  -5,  -5, -13,  -5,  -5
 309,     1, -11, -15,  -3,  -3,  -3,  -3, -11,  93,  -3, -11
 310,     1,  -6,  -6,  -6,  -6,  -6,  -6,  -6,  -6,  -6,  82
 311,     1, -11,  -7, -31,  -7,  77,  -7,  -7,  -7, -19, -19
 312,     1,  -5,  -5,  79,  -5,  -5,  -5,  -5,  -5,  -5,  -5
 313,     1,  -5,  -5,  -5,  -5,  -9,  -9, -13, -25,  87,  -5
 314,     1,  -6,  -6, -30, -18,  -6,  -6,  82,  -6, -14, -14
 315,     1, -27,  -7, -31, -27, -35,  -7, -19,  -7, -23,  65
 316,     1, -16,  -4,  84,  -4, -12,  -4,  -4,  -4, -16,  -4
 317,     1, -27,  -7,  -7,  -7, -27,  -7, -23,  77,  -7, -15
 318,     1, -10, -46,  58, -14, -10, -34, -10, -18, -10, -42
 319,     1,  -5,  83,  -5,  -5,  -5,  -5,  -5,  -5, -13,  -5
 320,     1,  -7,  -7,  -7,  -7,  -7,  65,  -7, -27,  -7,  -7
 321,     1,  -6, -10,  -6,  -6,  -6,  90,  -6, -22,  -6,  -6
 322,     1,  -9,  -9,  -9, -41, -29,  71,  -9,  -9,  -9,  -9
 323,     1,  -2,  -2,  94,  -2,  -2,  -6,  -2,  -2,  -2,  -2
 324,     1,  -4,  -4,  -4, -12,  -8,  -4,  84,  -4,  -4,  -4
 325,     1,  -4,  -4,  -4,  -4,  -4,  -4,  -8,  -4,  84,  -4
 326,     1,  -8,  -8, -32, -12, -24,  -8,  64,  -8, -16, -12
 327,     1,  -8, -36, -32,  -8,  68, -16, -32, -28, -20, -20
 328,     1,  -9, -29, -13,  -9,  -9,  -9,  67, -13,  -9, -21
 329,     1, -10, -10, -38, -18, -26,  66, -10, -26, -10, -42
 330,     1,  -3,  89,  -3,  -3, -11, -11,  -3, -11, -11,  -3
 331,     1, -10, -30, -22, -10,  78, -10, -22, -42, -30, -38
 332,     1,  -2,  -2,  -2,  -2,  -2,  90,  -2,  -2,  -2,  -2
 333,     1,  -5,  -5, -17, -21,  87,  -5,  -5, -13,  -5,  -9
 334,     1, -15,  81,  -7,  -7, -23, -31,  -7, -15,  -7,  -7
 335,     0, -11, -11, -11, -43, -31, -11, -31, -43, -11, -11
 336,     1, -21,  91, -17,  -5,  -5,  -5,  -5,  -5,  -5,  -5
 337,     1,  -8, -12, -24, -40,  -8,  76,  -8, -16,  -8,  -8
 338,     1,  -8,  -8, -32,  -8,  -8,  72,  -8,  -8,  -8, -16
 339,     1,  -7, -15,  -7,  -7,  -7,  -7,  65,  -7, -27, -35
 340,     1, -12, -24,  -8,  -8,  -8, -32,  64,  -8, -28,  -8
 341,     1, -13,  83, -13, -21,  -5,  -5, -25,  -5,  -5,  -5
 342,     1,  -5,  -5, -25,  -5,  83,  -5,  -5,  -5, -21,  -5
 343,     1, -16, -32, -32,  -8,  72, -28,  -8,  -8, -12, -24
 344,     1, -13,  -5,  -5,  -5,  -5,  -5,  -5,  91,  -5, -21
 345,     0, -11, -47, -11, -43, -27, -27, -11, -31, -11, -11
 346,     1, -10, -10, -30, -10,  58, -18, -10, -10, -10, -34
 347,     1, -23,  -7,  -7, -19,  -7, -19,  -7,  -7,  65, -35
 348,     1,  -5,  -5,  -9, -17,  -5, -25,  -5,  91,  -9, -21
 349,     1,  -4,  -4,  -4,  -8,  -4,  -8,  -4,  -4,  84,  -4
 350,     1,  -6,  -6,  -6, -14,  -6,  -6,  -6,  -6,  86,  -6
 351,     1,  93,  -3,  -3,  -3,  -3,  -3,  -3,  -3,  -3,  -7
 352,     1,  79,  -5, -21,  -5,  -5,  -5,  -5,  -5,  -5,  -5
 353,     1,  -5,  -9,  -5,  -5,  -5,  91,  -5,  -5,  -5,  -5
 354,     1,  -6, -30, -10, -10,  -6,  70,  -6,  -6, -10, -18
 355,     1,  87,  -5, -17, -25,  -5, -17,  -5, -13,  -5,  -5
 356,     1,  -5,  87, -13,  -5,  -5,  -5,  -5,  -5,  -5,  -5
 357,     1,  -7,  -3,  89,  -3,  -3,  -3,  -7,  -3,  -3, -11
 358,     1, -10, -30,  66, -34, -10, -42, -10, -26, -10, -34
 359,     1, -22,  -6,  -6, -26, -10,  -6, -26,  86,  -6, -18
 360,     1,  -4,  -4,  -4, -16,  -4,  -4,  -4, -20,  -4,  84
 361,     1,  -9, -25,  -9, -33,  63,  -9, -41,  -9, -17,  -9
 362,     1,  -5,  -9,  -5,  -5,  -5, -13, -13,  -5,  79, -21
 363,     1, -22, -10, -10, -10, -42, -14, -22, -38, -10,  66
 364,     1, -10, -10, -10, -18, -10, -26, -10,  62, -10, -10
 365,     1, -26,  -6,  78, -14, -14,  -6,  -6,  -6, -30,  -6
 366,     1, -20,  -4,  -4,  -4,  -4,  84,  -8, -16,  -4,  -4
 367,     1, -25,  -5, -17, -25,  -5,  87, -21, -13,  -9,  -5
 368,     1,  -2,  -2,  90,  -2,  -2,  -2,  -2,  -2,  -2,  -2
 369,     1,  -4,  -4,  -4,  -4,  -4,  84, -16,  -4,  -4,  -4
 370,     1, -31, -11,  -7,  -7,  -7, -15,  -7, -15,  69,  -7
 371,     1, -20, -12,  -8,  -8,  64,  -8,  -8,  -8, -36, -32
 372,     1,  -4,  -4,  -4,  -4,  92,  -4,  -4,  -4,  -4,  -4
 373,     1, -25,  -5, -21,  -5,  -5,  -5,  -5,  -5,  79,  -5
 374,     1,  -9,  -9,  -9,  -9,  -9, -33,  -9, -33,  67,  -9
 375,     1,  -5,  -9,  -5,  -5, -21,  -5,  83,  -5,  -5,  -5
 376,     1, -13,  -5, -21,  -5,  79,  -9,  -5, -25,  -5, -13
 377,     1, -30, -42, -10, -42, -10, -34, -10, -10,  66, -30
 378,     1,  65,  -7,  -7,  -7,  -7,  -7, -35,  -7,  -7, -23
 379,     1,  89,  -3,  -3,  -3,  -3,  -3,  -3,  -3,  -3,  -3
 380,     1, -18, -10, -10, -10, -22, -10, -10,  58, -10, -22
 381,     0, -11, -31, -51, -27, -11, -11, -43, -11, -11, -23
 382,     1, -41,  -9,  83,  -9, -33,  -9,  -9,  -9, -17,  -9
 383,     1, -14,  -6, -18,  90,  -6, -22,  -6,  -6, -10, -18
 384,     1, -20,  -8, -12,  -8,  -8,  88,  -8,  -8, -12,  -8
 385,     1,  -3,  -3,  -3,  93,  -7,  -3,  -3,  -3,  -3,  -3
 386,     1,  82,  -6, -14, -18,  -6, -26,  -6,  -6,  -6, -26
 387,     1,  -4,  80,  -4,  -4,  -4,  -4,  -4,  -4,  -8, -20
 388,     1,  -7, -27,  77,  -7, -15, -31, -27, -19,  -7, -15
 389,     1,  89, -27,  -7,  -7, -11,  -7,  -7,  -7,  -7, -15
 390,     1,  -6, -26,  74, -26, -14,  -6, -30,  -6,  -6, -26
 391,     0, -11, -11, -11, -43, -15, -11, -51, -27, -11, -31
 392,     1,  -8, -12, -32,  -8,  -8,  -8,  -8, -32,  60, -16
 393,     1,  -5,  -5,  79,  -5,  -5, -21,  -5,  -5, -25, -21
 394,     1,  -5,  -5,  -5,  -5,  83,  -5,  -5, -13,  91,  -5
 395,     1,  -4, -20,  -4,  -4,  -4,  -4,  -4,  84,  -4,  -4
 396,     0, -43, -11, -31, -39, -11, -11, -31, -11, -39, -43
 397,     1, -37, -21,  -9,  59,  -9, -13,  -9,  -9,  -9,  -9
 398,     1, -34, -10, -10, -34,  58, -10, -42, -10, -10, -10
 399,     1,  -6,  -6, -10,  -2,  -2,  -6,  90, -10,  -2,  -2
 400,     1, -17,  -9,  -9, -29,  87,  -9, -41,  -9,  -9, -37
 401,     1,  -5,  -5,  -5,  79,  -5,  -5,  -5, -17,  -9,  -5
 402,     0, -22, -10, -30, -14, -10, -10, -14, -10, -10, -10
 403,     1,  67, -17,  -9,  -9, -25,  -9,  -9,  -9,  -9,  -9
 404,     1, -31, -27,  65,  -7,  -7,  -7, -23,  -7, -15,  -7
 405,     1,  79,  -5,  -5, -21,  -5,  -5,  -5,  -9,  -5,  -5
 406,     1, -18, -30, -10, -22, -38, -42, -22, -10, -22,  70
 407,     1,  -8,  -8, -20, -24,  -8, -12,  88,  -8, -36,  -8
 408,     1, -13,  87,  -5,  -5,  -5,  -5,  -5, -21, -17,  -5
 409,     0, -11, -11, -11, -31, -11, -11, -11, -27, -27, -11
 410,     1,  -4,  -8, -20,  92,  -4,  -4,  -4,  -4,  -4, -16
 411,     1,  92,  -4,  -4,  -4,  -4,  -8,  -4, -20,  -4,  -4
 412,     1,  -8,  72, -40,  -8,  -8, -16, -28,  -8, -40,  -8
 413,     1,  91,  -5, -17, -25,  -5,  -9,  -5,  -5,  -5,  -5
 414,     1,  -7, -11,  -7, -23,  -7,  -7, -31,  -7,  85,  -7
 415,     1,  -3,  -3,  -7,  -3,  -3,  -3,  85,  -3,  -3,  -3
 416,     1, -12, -36, -24, -32, -20,  64, -24,  -8, -20,  -8
 417,     1, -42,  70, -42, -42, -18, -10, -42, -42, -42, -22
 418,     1,  92,  -4,  -8,  -4, -12, -16, -16,  -4, -12,  -4
 419,     1,  -6,  -2,  94,  -2,  -6,  -6,  -6,  -2,  -2,  -2
 420,     1, -15,  -3,  -3,  -7,  -3,  -3, -15,  -3,  -3,  85
 421,     1, -23,  -7, -27,  -7,  -7,  -7,  81,  -7,  -7, -15
 422,     0, -43, -43, -11, -27, -15, -11, -43, -11, -11, -19
 423,     1, -15,  -7, -15, -23, -23,  81,  -7, -27, -19,  -7
 424,     0, -10, -30, -10, -42, -10, -14, -18, -34, -22, -10
 425,     1,  -9, -21, -41,  -9,  -9,  -9,  -9,  87, -41, -41
 426,     1,  -4,  -4,  92,  -4,  -4,  -4,  -4,  -4,  -4,  -4
 427,     1,  -9,  -9,  -9, -41,  87, -33, -29, -29,  -9,  -9
 428,     1, -17, -41,  -9, -33,  -9,  -9,  -9,  -9,  59, -29
 429,     1,  -6, -10, -30, -30,  -6,  -6,  -6,  -6,  86,  -6
 430,     1,  -5,  -5,  -9,  -5, -13,  -5,  87,  -5,  -5,  -5
 431,     1,  -4,  -4,  -4,  -4, -20,  -4,  -4,  -4,  -4,  92
 432,     0, -23, -11, -47, -11, -35, -11, -23, -11, -23, -31
 433,     1,  -6,  -6, -30,  -6,  -6,  -6,  -6, -26,  90,  -6
 434,     1,  89, -11,  -3,  -3, -15,  -3,  -3,  -3, -11,  -3
 435,     1, -22,  -6, -22,  -6,  70,  -6,  -6,  -6,  -6,  -6
 436,     1,  -6, -22,  -6,  78,  -6,  -6, -22,  -6,  -6,  -6
 437,     1,  -3,  -3, -15, -15,  -3,  -3,  -3,  -3,  -7,  93
 438,     1,  93,  -3,  -3,  -3,  -3,  -3, -11, -15, -11,  -3
 439,     1, -13,  -9,  -9,  -9,  67,  -9, -25, -29,  -9, -29
 440,     1,  -8, -36, -36,  -8,  76, -36,  -8,  -8,  -8,  -8
 441,     1,  -3,  -3,  -3,  -3,  -3,  -3,  -3,  -3,  -3,  93
 442,     1,  89,  -3,  -7,  -3,  -3,  -3,  -3,  -3,  -3,  -3
 443,     1, -18, -26,  -6,  -6,  -6,  -6,  70, -14,  -6, -18
 444,     1,  -5, -21,  -5, -17,  -5,  -5,  -5, -21, -21,  87
 445,     1,  -6,  -6,  86,  -6,  -6,  -6, -22, -18, -10,  -6
 446,     1,  -3,  93,  -3,  -3,  -3,  -3,  -3,  -7,  -3,  -3
 447,     1, -37,  -9,  -9, -17,  -9,  -9, -37,  71,  -9,  -9
 448,     1,  -9,  -9,  67, -41, -29, -29,  -9, -37, -25,  -9
 449,     1, -16,  68,  -8, -32,  -8,  -8,  -8, -28,  -8,  -8
 450,     1,  -4,  -4, -16,  -4,  -4,  -8,  -4,  88,  -4,  -4
 451,     1, -36,  -8,  -8, -40, -20,  80, -16,  -8,  -8,  -8
 452,     0, -11, -11, -39, -35, -39, -11, -11, -11, -11, -31
 453,     1,  -2,  -2,  -2,  -2,  -2,  -2,  94,  -6,  -2, -10
 454,     1,  83,  -5,  -5,  -5,  -9,  -5,  -5,  -5,  -5,  -5
 455,     1,  -4,  -4,  -4,  -4, -16,  -4,  -4,  88,  -4,  -4
 456,     1,  -8,  84,  -8,  -8,  -8,  -8, -32,  -8,  -8,  -8
 457,     1,  -5, -17,  -5,  -5,  -9,  -5,  79,  -5, -17,  -5
 458,     1, -30,  90, -26, -22, -22, -18,  -6,  -6,  -6, -26
 459,     1,  -7,  -7,  85,  -7,  -7,  -7, -27, -11, -15, -31
 460,     1,  -4,  -4,  -4, -16,  -4,  80,  -4,  -4,  -4,  -4
 461,     1,  -4,  -4,  92,  -4,  -8, -12,  -4, -16, -16,  -4
 462,     1,  -6, -26,  -6,  -6,  -6, -26, -30,  -6,  90,  -6
 463,     1, -34, -10, -18, -46, -10, -10, -42, -10,  62, -30
 464,     1, -28,  -8,  72, -28,  -8, -36, -16,  -8,  -8, -32
 465,     1, -14,  -6, -22, -30,  -6, -10, -18,  74,  -6, -10
 466,     1,  -3,  -3,  -3,  -3,  -3,  -3,  93,  -3,  -3,  -3
 467,     1, -10, -10, -42, -30, -10,  58, -18, -10, -10,  58
 468,     1, -16,  -8,  -8,  -8,  -8, -28, -20,  -8, -32,  76
 469,     1, -12,  -4,  -8,  -4,  92,  -4,  -8,  -4, -12,  -4
 470,     1, -31,  -7,  -7, -27,  -7, -15, -19,  77,  -7, -31
 471,     1, -12,  -8, -16,  -4,  -4,  -4,  -4,  -4,  80,  -4
 472,     1,  -6, -26,  -6, -18,  -6,  -6,  -6,  74,  -6,  -6
 473,     0, -31, -43, -11, -27, -31, -35, -39, -43, -11, -11
 474,     1, -21, -21,  -9,  -5,  -9,  -5, -17, -13,  79,  -5
 475,     1,  -3, -15,  -3,  -3,  -3,  -3,  89,  -3,  -3,  -3
 476,     1,  87,  -5,  -5,  -5,  -5, -21,  -9,  -5,  -5,  -5
 477,     1, -33,  -9, -17,  -9,  -9,  -9, -29,  59,  -9,  -9
 478,     1,  -3,  89,  -7, -11,  -3, -15,  -7,  -3,  -3,  -3
 479,     1,  83,  -5,  -9,  -9,  -5, -13,  -5,  -5,  -5,  -5
 480,     1, -10, -30, -10, -34, -38, -22,  62, -18, -30, -18
 481,     1, -21, -17,  -5,  -5,  87,  -5,  -5, -21,  -5,  -5
 482,     1,  71,  -9, -37,  -9, -37, -29,  -9,  -9, -29,  -9
 483,     1,  -6,  -6,  90, -30, -26, -22,  -6,  -6,  -6,  -6
 484,     1,  92,  -4, -20,  -4,  -4,  -4,  -4,  -4,  -4,  -4
 485,     1,  -8, -20,  -8,  -8,  -8,  -8,  -8,  -8, -28,  80
 486,     1,  -6,  -6,  -6,  -6, -14,  90, -18,  -6, -30,  -6
 487,     1, -21, -17, -29, -37,  63, -25, -33,  -9,  -9, -33
 488,     1,  -7,  -7,  -7,  -7, -27, -23,  -7, -11,  -7,  89
 489,     1,  -3,  -3,  -3,  -3,  -7,  89,  -3,  -3, -15,  -3
 490,     1,  -7,  -7, -19,  -7,  -7, -27,  -7, -23,  85, -19
 491,     1,  -5,  -5,  83,  -5,  -5,  -5, -17,  -5,  -5,  -5
 492,     1,  -4,  -4,  -4,  -4, -16,  -4,  -4,  -4,  88,  -4
 493,     1,  -5,  87, -13,  -5,  -5,  -5,  -5,  -5,  -5,  -5
 494,     1,  -8,  -8,  -8,  -8, -36, -20,  -8,  -8,  80,  -8
 495,     1,  -5,  -5,  -5,  -5,  -5,  -5,  -5,  -5,  83,  -5
 496,     0, -31, -11, -11, -27, -11, -11, -19, -11, -11, -11
 497,     1,  -3,  -3,  -3,  -3,  -3, -11,  -3,  85, -11,  -3
 498,     1, -10, -10, -34, -22, -38, -10, -10, -10,  66, -10
 499,     1,  -8, -28,  -8, -24, -12,  84,  -8, -36, -12, -16
 500,     1, -12,  -4,  -4,  -4,  -4, -12,  88, -12,  -4,  -4
 501,     1,  -6,  78, -10,  -6,  -6,  -6,  -6,  -6, -18, -10
 502,     1,  -6, -22, -22,  -6,  -6,  82,  -6, -14, -30,  -6
 503,     1,  -2,  -2,  -2,  -2,  -2,  90,  -2,  -2, -10,  -6
 504,     1,  67,  -9, -13, -41,  -9,  -9,  -9,  -9, -21, -33
 505,     1,  -3,  -3,  -3,  -3,  -3,  -3,  -3, -15,  93,  -3
 506,     1, -42, -10, -26, -18,  66, -10, -10, -10, -26, -30
 507,     1,  72,  -8, -16, -16,  -8,  -8, -24, -24, -12,  -8
 508,     1,  -5, -13,  83,  -5,  -5, -25,  -5,  -5,  -5,  -5
 509,     1,  -3,  -3,  -3,  93,  -3,  -3,  -3,  -3, -11,  -3
 510,     0, -10, -30, -22, -10, -30, -34, -10, -14, -10, -10
 511,     1,  -4, -12,  88,  -4, -12,  -8, -12,  -4,  -8,  -4
 512,     1,  70, -18,  -6,  -6,  -6,  -6,  -6, -22, -30, -14
 513,     1, -16,  -4,  -8,  -4,  -4,  -4,  -4, -20,  -4,  88
 514,     1,  63, -29,  -9, -13, -25,  -9,  -9,  -9, -21, -25
 515,     1,  82, -18,  -6,  -6, -10, -14,  -6,  -6,  -6, -30
 516,     1,  -4,  -4,  -4, -12,  -8,  -4,  80,  -4, -12,  -4
 517,     1,  -4,  -4,  -4,  -4,  92,  -4,  -4,  -4,  -4,  -4
 518,     1,  58, -10, -18, -10, -10, -10, -38, -10, -10, -18
 519,     1,  -9, -41, -37, -17,  -9,  71,  -9,  -9,  -9,  -9
 520,     0, -11, -51, -11, -11, -27, -11, -11, -11, -11, -11
 521,     1,  78, -22,  -6, -18,  -6, -18, -22,  -6,  -6,  -6
 522,     1, -40, -32,  -8, -24, -40,  76, -12,  -8,  -8,  -8
 523,     0, -18, -10, -10, -10, -10, -38, -10, -10, -10, -42
 524,     1,  -6, -30,  -6,  -6, -22, -18,  82, -30,  -6, -26
 525,     1, -41,  -9,  -9,  -9, -33, -13,  -9,  71, -13, -17
 526,     1, -11,  -7, -35, -15, -11,  -7,  -7, -31, -35,  77
 527,     1, -11, -11, -15, -23, -27,  -7,  -7,  -7,  -7,  65
 528,     1,  -9,  -9,  -5,  -5,  -5, -21, -13, -21,  87,  -5
 529,     1,  -6,  -6,  -6,  -6,  -6,  -6,  90,  -6, -10,  -6
 530,     1,  -3,  -3,  -3,  -3,  -3,  -3,  -3,  93, -11,  -7
 531,     1,  72,  -8,  -8,  -8, -16, -32, -24, -36,  -8, -24
 532,     1,  -5,  -9,  -5,  -5, -13,  -5,  83,  -5,  -5,  -5
 533,     1,  -3,  -3,  93,  -3, -11,  -3,  -3,  -3,  -3,  -7
 534,     1,  73,  -7,  -7,  -7,  -7, -19,  -7, -15, -27,  -7
 535,     1,  -2,  -2,  -2,  -2,  -2,  -2,  -2,  -2,  94,  -2
 536,     1, -32, -16,  -8,  88, -12,  -8, -16,  -8,  -8, -32
 537,     1,  -5,  79,  -5, -13,  -5, -17,  -5,  -5,  -5,  -5
 538,     1,  -9,  59, -29,  -9,  -9,  -9,  -9,  -9, -17,  -9
 539,     1,  -7,  -7, -15, -15, -27,  -7, -27,  65, -35,  -7
 540,     1,  -8,  72, -36,  -8,  -8,  -8, -32,  -8, -40, -16
 541,     1, -36,  -8, -20,  -8,  76,  -8, -36, -40, -24,  -8
 542,     1, -22, -34, -34, -10, -10, -10, -22, -42, -10,  78
 543,     1,  -2,  -2,  -2,  -6,  -2,  -2,  -2,  -2, -10,  90
 544,     1, -27,  -7,  -7, -27,  -7, -15,  -7,  65,  -7, -27
 545,     1, -20,  68,  -8,  -8, -28,  -8, -36,  -8,  -8,  -8
 546,     1,  84, -16,  -4,  -4,  -4,  -4,  -8, -12,  -8,  -4
 547,     1, -25,  -9,  -5,  -5,  79, -13,  -5,  -5,  -5,  -5
 548,     1,  -9,  -9,  -9,  -9, -41,  -9, -37, -37,  87,  -9
 549,     1, -41,  -9,  -9,  -9,  -9, -13, -29, -37, -13,  67
 550,     1,  -6,  -6, -26,  70, -14, -18,  -6, -22, -10, -26
 551,     1, -10, -10, -30, -42, -10,  66, -10, -10, -42, -42
 552,     1, -30, -30,  -6,  -6,  -6,  -6,  90, -14,  -6,  -6
 553,     1, -21,  -9,  -9, -41, -21, -17,  83,  -9,  67,  -9
 554,     1,  -5,  79,  -9,  -5, -17, -17,  -5, -13,  -5, -25
 555,     1,  -2,  -2,  -2,  -2,  -2,  -2,  -2,  -2,  -2,  90
 556,     1,  -3,  -3,  -3,  -3, -11,  -7,  -3, -11,  -3,  93
 557,     1,  54, -10, -10, -10, -30, -30, -34, -10, -10, -18
 558,     1, -17, -13,  -5,  -5, -21,  -5,  87,  -5, -13,  -5
 559,     1, -26, -22,  -6,  -6,  -6,  -6,  -6, -22,  -6,  90
 560,     1, -11, -43, -11,  53, -31, -39, -43, -31, -23,  49
 561,     1,  -8, -12, -36,  72, -32, -24, -12,  -8,  -8, -28
 562,     1, -31,  85,  -7, -15, -35, -27, -27,  -7,  -7,  -7
 563,     1, -10,  -6, -18, -30,  82, -26,  -6, -14,  -6,  -6
 564,     1,  -3,  93,  -3,  -3,  -3,  -3,  -3, -11,  -3, -11
 565,     1,  -6, -14, -10,  -6,  82, -10, -10,  -6,  -6,  -6
 566,     1,  -5,  -5,  -5,  -5,  83,  -5,  -5,  -5, -17,  -5
 567,     1,  -8,  -4,  88,  -4,  -4,  -4,  -4,  -4, -20,  -8
 568,     1, -13,  -5, -13,  79,  -5,  -5,  -5,  -9,  -5,  -5
 569,     1,  -9,  -9, -41, -41,  -9,  -9,  83, -37, -21, -41
 570,     1, -15,  85, -15,  -7,  -3,  -3,  -3,  -3,  -3,  -3
 571,     1, -17,  -5, -17,  -5,  -5,  79,  -9,  -5,  -5,  -9
 572,     1, -25,  79,  -9,  -9,  -9,  -9,  -9, -33,  -9, -29
 573,     1,  -3,  -3,  -3,  93, -15,  -3,  -3,  -3,  -3,  -3
 574,     0, -11, -11, -43, -39, -11, -11, -15, -11, -27, -11
 575,     1,  -4,  -4,  -4,  -4,  -4,  -4,  -4,  -4,  88,  -4
 576,     1, -15, -19, -15, -31,  69,  -7,  -7,  -7,  -7,  -7
 577,     1,  -5,  79,  -5,  -9,  -5,  -5,  -5, -13,  -5, -13
 578,     1,  -5,  -5,  -5, -17,  -5, -17,  -5,  83,  -5,  -5
 579,     1,  -8,  -8, -16, -24,  -8,  -8,  -8,  76, -24,  -8
 580,     0, -11, -11, -11, -19, -11, -11, -11, -11, -19, -11
 581,     1,  89,  -3,  -3,  -3, -11,  -3,  -3,  -3,  -3,  -3
 582,     1,  -5,  -9,  -5, -17,  -5,  -5, -25,  -5,  91, -21
 583,     1,  -9,  67,  -9,  -9,  -9,  -9, -29, -17, -33,  -9
 584,     1,  -7,  -7, -35,  -7,  -7, -27,  -7,  -7,  -7,  69
 585,     1,  84, -12,  -4,  -4,  -4,  -4,  -8,  -4,  -4, -16
 586,     1, -18, -10, -10,  70, -18, -18, -18, -14, -10, -10
 587,     1, -17,  87,  -5,  -5,  -5,  -5, -13,  -5,  -5,  -5
 588,     1, -12, -12,  -4,  -4,  -4,  88,  -4, -16,  -4, -20
 589,     1,  -7,  -7,  -7, -27,  -7,  -7, -27,  -7,  73, -31
 590,     1, -31, -31,  69,  -7, -23, -23, -11,  -7, -27,  -7
 591,     1,  83,  -5, -17, -13,  -5,  -9,  -5,  -5, -17,  -5
 592,     1,  89,  -3,  -3,  -3,  -3,  -3,  -3, -15,  -3,  -3
 593,     1,  -2,  -2,  -2,  90,  -2,  -2,  -2,  -2,  -2,  -2
 594,     1,  -3, -11,  -3, -15,  -3,  -3,  -3,  89,  -3,  -3
 595,     1, -10, -10, -10, -14, -42, -22, -10,  66, -10, -10
 596,     1, -22, -18,  74,  -6, -26, -22,  -6, -30, -22,  -6
 597,     1,  80,  -8, -24, -24,  -8,  -8,  -8,  -8,  -8,  -8
 598,     1,  -6,  -6,  -6,  -6,  -6,  -6,  -6,  -6,  82,  -6
 599,     1,  -7,  89,  -7,  -7, -27,  -7,  -7, -27,  -7,  -7
 600,     1,  83,  -5,  -5,  -5,  -5, -17,  -5,  -5,  -5,  -5
 601,     1,  -9,  -9,  63,  -9,  -9, -33,  -9,  -9,  -9,  -9
 602,     1,  -9, -17,  -5,  -5,  -5,  -5,  -5,  83,  -5,  -5
 603,     1, -28,  -8,  -8,  -8,  -8,  60, -36, -36, -32, -32
 604,     1, -11,  -3,  -3,  -3,  -3,  -3,  -7,  93,  -3, -11
 605,     1,  -2,  -6,  -2,  -2,  90,  -2,  -2,  -2,  -6, -10
 606,     1,  -4, -20,  -8,  -4,  -4,  -8, -12,  -4, -12,  84
 607,     1, -42, -22, -10,  62, -30, -10, -38, -10, -10, -42
 608,     1, -10, -34, -22,  62, -10, -10, -10, -10, -10, -38
 609,     1,  -4,  -4,  -4,  -4, -12,  -4,  -4,  80,  -4, -16
 610,     1,  -3,  -3,  -3,  -3,  93,  -3, -11,  -3,  -3,  -7
 611,     1,  -4,  -4,  -8,  -4, -12,  84, -16,  -8,  -4,  -4
 612,     1,  -8,  -8,  -8,  64, -20,  64, -12, -12,  -8, -12
 613,     1,  -8,  -4,  -8,  -4,  -4,  -4, -12,  88,  -4,  -4
 614,     1,  -9,  -9,  71,  -9,  -9, -41,  -9, -25,  -9,  75
 615,     1,  -8, -36,  -8,  72,  -8,  -8, -36,  -8, -12,  -8
 616,     1,  85,  -3,  -3,  -3,  -3,  -3,  -3,  -3,  -3,  -3
 617,     1,  -7,  77,  -7,  -7, -27, -31,  -7,  -7,  -7,  -7
 618,     0, -11, -11, -19, -31, -11, -43, -43, -11, -11, -39
 619,     1, -25, -41,  71, -37,  -9, -25, -29,  -9,  -9,  -9
 620,     1,  -5, -13,  83, -17, -25, -17,  -5,  -5, -21,  -5
 621,     0, -11, -11, -31, -23, -11, -11, -11, -43, -11, -11
 622,     1,  -7,  -7, -11,  81, -15, -31, -31,  -7, -19, -27
 623,     1, -26,  -6, -26,  78, -30, -10, -10, -18, -18,  -6
 624,     1,  -9, -41,  -9,  -9,  71, -33, -37, -13,  -9,  -9
 625,     1, -20,  -8,  -8, -40,  88,  -8, -28,  -8,  -8,  -8
 626,     1, -38, -34, -42, -22, -10, -10, -10, -18, -10,  58
 627,     0, -11, -23, -23, -11, -11, -11, -47, -11, -23, -11
 628,     1,  -9, -29, -21,  -9, -29, -25,  -9,  67,  -9,  -9
 629,     1, -41, -33,  -9, -41, -25,  -9, -33,  79, -17,  -9
 630,     1,  -4,  -4,  -4,  84,  -4,  -4,  -4,  -4, -16, -12
 631,     1,  -7,  -3,  -3,  93,  -3,  -3,  -3,  -3,  -3,  -3
 632,     1,  -4,  -4,  80,  -4,  -4, -16,  -4,  -4, -12,  -4
 633,     0, -43, -11, -19, -35, -47, -23, -11, -43, -15, -23
 634,     1,  -6,  -6, -26, -26,  -6,  -6,  -6,  78,  -6,  -6
 635,     1,  -7,  -7,  -7,  -7,  85,  -7, -11,  -7,  -7, -27
 636,     1, -10, -10, -42,  70, -18, -38, -34, -10, -42, -10
 637,     1,  -3,  -3,  -3,  93,  -3,  -3,  -3, -11,  -3,  -3
 638,     1,  -7,  -7,  -7, -27, -27,  -7, -27, -19,  81, -15
 639,     1,  -6,  -6,  74,  -6,  -6, -26,  -6,  -6, -18, -18
 640,     0, -43, -27, -43, -43, -11, -11, -15, -15, -11, -39
 641,     1,  -3, -15, -15,  -7,  -3,  -3,  -3,  -3,  85, -11
 642,     1,  -8,  -8, -20,  -8, -12, -24, -36, -20,  72, -36
 643,     1, -19,  -7, -19,  73,  -7, -19, -31,  -7,  -7,  -7
 644,     1,  -7, -19,  -7, -19, -27,  -7,  -7, -35, -11,  69
 645,     1,  -5,  -9,  -9,  83,  -5, -13,  -5, -13, -13,  -5
 646,     1, -10, -10, -10,  70, -38, -34, -10, -10, -30, -10
 647,     1, -14,  -6,  -6, -30,  -6, -22,  -6,  86,  -6,  -6
 648,     1,  89,  -7, -27,  -7,  -7, -27, -23, -23, -31,  -7
 649,     1,  -4,  -4,  -4,  -4, -16,  -4,  -4,  92,  -4,  -4
 650,     1,  -7, -31, -15, -11,  81, -15,  -7,  -7,  -7, -27
 651,     1, -35,  -7,  -7, -23, -11, -31,  -7,  69, -11,  -7
 652,     1,  -6,  -6,  -6,  78,  -6, -30,  -6,  -6, -18,  -6
 653,     1,  71,  -9,  -9,  -9,  -9, -17, -17,  -9,  -9,  -9
 654,     1,  -8,  68,  -8,  -8, -32,  -8, -24,  -8,  -8, -12
 655,     1,  -5, -17, -25,  -5, -25,  -5, -25,  -5, -17,  83
 656,     1,  -2,  -6,  -2,  90,  -2,  -2,  -2,  -2,  -2,  -2
 657,     1, -11,  -3,  93, -11,  -3,  -3,  -3,  -3,  -3,  -3
 658,     1,  -3, -11,  -3,  -3, -15,  -3,  -3, -11,  93,  -3
 659,     1,  -7, -23, -15,  85, -19, -15,  -7,  -7,  -7,  -7
 660,     1,  65,  -7,  -7, -19, -35, -19,  -7, -27,  -7, -31
 661,     1,  -9,  -9,  71, -41, -29,  -9,  -9,  -9, -29,  -9
 662,     1,  -9,  59, -17, -13,  -9,  -9, -17,  -9, -41,  -9
 663,     1,  -2,  -2,  -2,  -2,  -2,  -2,  94,  -2,  -2,  -2
 664,     1,  -8,  88, -20, -20,  -8, -28, -12, -28, -12,  -8
 665,     1,  84,  -8, -24, -32, -28, -40,  -8, -28, -16, -24
 666,     1,  92,  -4,  -4, -16,  -4,  -4,  -4,  -4,  -4,  -8
 667,     1,  -6,  74,  -6, -22,  -6, -22, -22,  -6, -10,  -6
 668,     1,  -8,  60, -16,  -8,  -8,  -8,  -8, -12,  -8, -20
 669,     0, -31, -35, -11, -11, -11, -11, -11, -43, -11, -11
 670,     1, -13,  71,  -9,  -9,  -9,  -9, -37, -41,  -9, -41
 671,     1,  -7, -23,  -7, -15,  -7,  -7,  -7,  -7,  -7,  81
 672,     1, -30,  -6,  -6,  -6, -22,  -6, -14,  86,  -6, -10
 673,     1,  -3,  -3,  -3,  -3,  93,  -3,  -3,  -3,  -3,  -3
 674,     1,  -5, -21,  -5,  -5,  -5,  -5,  87,  -5,  -5,  -9
 675,     1, -32, -36, -16,  -8,  -8, -16, -24,  -8,  60,  -8
 676,     1, -31,  -7,  69,  -7, -11, -11, -11,  -7,  -7,  -7
 677,     1,  -9, -41,  -9,  -9,  71, -13,  -9,  -9,  -9,  -9
 678,     1, -19, -27, -11, -31,  -7, -19, -15,  81, -31, -23
 679,     1, -27,  -7, -19,  -7, -35,  -7,  -7,  69,  -7,  -7
 680,     1,  -9,  -5,  -9,  -5,  -5,  -5,  87,  -5,  -5,  -9
 681,     0, -11, -27, -27, -19, -47, -43, -11, -23, -11, -11
 682,     1,  -3,  -7, -15,  -3,  -3,  -3,  93,  -3,  -3,  -3
 683,     1,  -3,  -3, -11,  -3,  -3,  -3, -15,  -3,  93,  -3
 684,     1, -13,  -9,  -5,  -5,  -9,  83,  -5,  -5,  -5,  -5
 685,     1,  -4, -12,  -4,  -4,  84,  -4,  -4,  -4,  -4, -20
 686,     1,  -4,  -4,  -4,  -4,  -4,  -4,  -4,  -4,  88, -16
 687,     1,  -7,  -7,  -7, -27,  -7, -11,  -7,  -7, -11,  77
 688,     1, -21,  -9,  -9,  -9,  -9,  -9, -21, -33,  59,  -9
 689,     0, -31, -43, -43, -23, -11, -19, -11, -27, -43, -43
 690,     0, -11, -43, -11, -11, -47, -11, -31, -11, -11, -11
 691,     1,  -6, -18, -14,  90,  -6,  -6,  -6, -10,  -6,  -6
 692,     1, -10,  66, -30, -14, -18, -10, -42, -42, -10, -22
 693,     1,  -5,  -5,  -5,  -5,  -5,  -5,  79, -25,  -9,  -5
 694,     1,  -5,  -5,  -5, -21, -21,  -5,  -5,  91, -13,  -5
 695,     1,  -3,  -3,  -3,  -3,  93,  -3,  -3,  -3, -11,  -3
 696,     1,  -7,  -7,  -7, -27, -15,  -7, -11,  -7,  85, -35
 697,     1,  84, -20, -16,  -4,  -4,  -8,  -4,  -4,  -4,  -4
 698,     1,  -9,  -9,  -9,  -9,  67, -21,  -9,  -9, -21,  -9
 699,     1,  -6,  74, -14,  -6,  -6, -14, -14, -10,  -6, -10
 700,     1,  -3,  -7,  -3,  -3,  -3,  -3,  85,  -3, -11,  -7
 701,     0, -38, -10, -14, -42, -10, -14, -18, -10, -42, -10
 702,     1,  -3,  -7,  -7,  -3,  -3,  93,  -3,  -3,  -7,  -3
 703,     1, -41, -17,  63,  -9, -41, -33,  -9, -17,  -9,  -9
 704,     0, -43, -11, -23, -11, -11, -31, -11, -11, -27, -35
 705,     0, -11, -47, -11, -31, -43, -23, -27, -11, -11, -43
 706,     1,  -3,  -3,  -3,  -3, -11,  -3,  -3,  -3,  89,  -3
 707,     1, -42, -30, -14,  66, -14, -46, -30,  62, -22, -10
 708,     1,  -9,  -9, -37, -17,  -9,  -9, -33,  67, -13,  -9
 709,     1, -12,  -8,  -4, -12,  92,  -4, -16,  -4,  -4, -16
 710,     1,  -7, -15, -11,  73, -19,  -7,  -7, -15, -35, -15
 711,     1, -11,  -7,  -3,  -3,  -3,  -3,  -3,  -3,  -3,  89
 712,     1, -27, -19, -31,  69, -35, -23, -15, -15,  -7, -27
 713,     1,  -4,  88,  -4,  -4, -16, -12,  -8,  -8,  -4, -16
 714,     1, -19, -35,  81,  -7, -23,  -7, -31,  -7, -35, -27
 715,     1,  82,  -6,  -6, -30,  -6,  -6,  -6, -14,  -6,  -6
 716,     1, -12,  88,  -4,  -4,  -4,  -4,  -4,  -4,  -4,  -4
 717,     1,  -4,  -4,  -4,  -4,  -4,  -4,  84,  -4, -20,  -4
 718,     1,  -3,  -3,  -7,  -3,  -3,  -3, -11,  93,  -3,  -3
 719,     1,  -8, -16,  -8,  -8,  -8, -20, -20, -28, -36,  80
 720,     1,  87, -13,  -5,  -5,  -5, -25, -25,  -5,  -5,  -5
 721,     1,  -7,  73,  -7,  -7, -19, -15, -27,  -7, -19, -31
 722,     1, -21,  -9,  -9,  83, -41, -21,  -9,  -9,  -9, -33
 723,     1,  80, -32,  -8,  -8, -24, -16,  -8,  -8, -20,  -8
 724,     1,  -4,  -4, -20,  -4,  -8,  -4,  84,  -4, -12,  -4
 725,     1, -31, -31,  -7,  85,  -7,  -7,  -7,  -7,  -7,  -7
 726,     1, -12,  -4,  -4, -20, -12,  -4, -16,  84,  -4, -16
 727,     1, -33, -25,  -9, -33,  -9, -17, -17, -41,  -9,  67
 728,     1, -18,  58, -10, -10, -10, -10, -38, -10, -10, -42
 729,     1,  85, -11, -19, -19, -15,  -7,  -7, -31,  -7,  -7
 730,     1,  -9,  63, -17,  -9,  -9, -29, -21, -17,  -9,  -9
 731,     0, -43, -11, -11, -11, -11, -43, -11, -19, -31, -23
 732,     1, -31, -11,  -7,  -7, -19, -27,  -7,  69, -15,  -7
 733,     1,  -8,  -4,  -4,  -4,  -4,  92,  -4,  -4,  -4,  -4
 734,     1, -26,  -6,  -6,  -6, -10, -14,  -6,  70,  -6, -18
 735,     1,  -4,  -8,  -4,  88,  -4,  -4,  -4, -16,  -4,  -4
 736,     1, -22,  70,  -6,  -6,  -6, -30, -26, -10,  -6,  -6
 737,     1, -41,  -9,  -9,  -9,  -9,  -9,  -9,  -9,  67, -17
 738,     1, -10, -30, -10, -18, -10, -14, -30, -10,  70, -42
 739,     1,  -9, -37, -13,  -9,  67, -41, -33, -25,  -9,  -9
 740,     1, -13, -41,  -9, -25, -41, -25,  -9,  -9, -33,  67
 741,     1,  58, -10, -18, -10, -10, -34, -42, -10, -38, -10
 742,     1,  -9,  -5, -17,  -5, -21,  -5,  83,  87, -13,  -5
 743,     1, -13, -37,  -9, -41, -33,  79, -37,  -9, -37, -13
 744,     1,  -7, -15,  -7, -23, -31,  89,  -7, -19,  -7, -15
 745,     1,  -4,  -4,  -4,  92, -20,  -8,  -8,  -4,  -4,  -4
 746,     1,  -9,  -9,  83,  -9,  -9, -21, -25, -17, -25,  -9
 747,     1, -22,  -6,  -6,  -6,  -6, -22,  82, -18,  -6,  -6
 748,     1, -11,  -3, -11, -11,  -3,  -3,  -3,  -3,  -3,  89
 749,     1,  -6,  -6,  -6, -10,  -6,  -6, -14, -30,  86, -18
 750,     1,  73, -31,  -7,  -7,  -7,  -7,  -7,  -7, -27,  -7
 751,     1,  -8, -20,  88,  -8,  -8,  -8, -28,  -8,  -8, -12
 752,     0, -34, -10, -14, -10, -42, -10, -30, -26, -42, -22
 753,     1, -17, -41, -17, -41,  -9, -37, -37, -41,  -9,  83
 754,     1,  -4,  -8,  -4,  -4,  -4,  -4,  -4,  -8,  92,  -4
 755,     1,  -6,  90, -14, -14,  -6,  -6,  -6, -18, -14,  -6
 756,     1,  -5, -13, -17,  -9,  87,  -5,  -5,  -5,  -9,  -5
 757,     1,  -9,  -9,  -9, -33, -29, -25,  -9,  -9,  59, -37
 758,     1,  -6,  -6,  -6,  -6,  -6, -10,  -6,  82, -14,  -6
 759,     1, -41,  63,  -9, -17,  -9, -33,  -9, -25,  -9, -41
 760,     1,  -4,  -4,  -4,  84, -16,  -4,  -4,  -4,  -4,  -4
 761,     1,  -2,  -2,  -2,  -2,  -2,  -2,  -2,  -2,  90,  -2
 762,     1,  -2,  94,  -2,  -2,  -6,  -2,  -2,  -2,  -2,  -2
 763,     0, -11, -11, -11, -43, -43, -11, -43, -11, -11, -11
 764,     0, -43, -31, -47, -11, -19, -27, -11, -11, -11, -43
 765,     1, -40, -20, -32,  -8,  -8,  68,  -8,  -8,  -8,  -8
 766,     1,  -4,  -4,  -4,  -4,  -4,  -4,  -4,  -4,  88,  -4
 767,     1, -17,  -9,  71,  -9, -13,  -9,  -9,  -9,  -9,  -9
 768,     1,  -6,  -2,  -2,  -2,  -2,  -2,  -2,  -2,  90,  -2
 769,     1, -41,  -9, -37, -17, -41,  -9,  -9, -41,  87,  -9
 770,     1,  -5,  -5,  83,  -5, -13, -25,  -5,  -5,  -5,  -5
 771,     1, -26, -18, -26, -26, -22, -14,  -6, -18,  82,  -6
 772,     1, -17, -13,  -5,  -5,  -5,  -5,  -5,  -5,  79,  -5
 773,     1, -10, -22, -34, -22, -18, -10,  70, -10, -10, -22
 774,     1,  -9, -25,  -9, -25,  -9, -33,  -9,  71,  -9,  -9
 775,     1,  -6, -30,  -6,  -6,  -6, -26,  86,  -6,  -6,  -6
 776,     1,  -7,  -7, -31,  -7,  65,  -7,  -7, -11, -27,  -7
 777,     1,  -8,  -8, -28,  -8, -16,  -8,  -8,  -8,  64, -28
 778,     1,  80,  -8, -12,  -4,  -8,  -4,  -4,  -4,  -4,  -4
 779,     1, -10, -10, -10, -10, -10, -34,  62, -10, -10, -10
 780,     1,  -4,  -4,  88,  -4,  -4,  -4,  -4,  -4,  -4, -20
 781,     1, -15,  -7,  77,  -7, -19, -19,  -7,  -7, -23,  -7
 782,     1, -33,  -9, -21,  -9,  71, -25,  -9, -13,  -9,  -9
 783,     1,  88,  -4,  -8,  -4, -12,  -4,  -4,  -4,  -4,  -4
 784,     1, -31, -31, -31,  -7,  -7,  77,  -7,  -7,  -7, -15
 785,     1,  -6, -14,  -6,  -6,  -6,  70,  -6,  -6,  -6,  -6
 786,     1,  78, -26,  -6, -22,  -6,  -6,  -6, -14,  -6, -10
 787,     1,  83, -17,  -5, -13,  -5,  -5, -13,  -5,  -5,  -5
 788,     1,  -7,  -7, -35,  77,  -7,  -7,  -7,  -7,  -7,  -7
 789,     1,  -7,  73,  -7,  -7,  -7,  -7, -11,  -7,  -7, -11
 790,     1,  -7,  -7, -31,  -7,  -7,  -7,  -7, -31, -23,  65
 791,     1,  92,  -4,  -4,  -8,  -4, -12,  -8, -20,  -4,  -4
 792,     1,  88,  -4,  -4,  -4,  -4,  -4, -16,  -4,  -4,  -8
 793,     1,  -6,  -6,  -6, -26, -10,  90,  -6, -22,  -6,  -6
 794,     1,  -6,  -6,  74, -14, -18, -26, -30,  -6, -26,  -6
 795,     1, -41, -33, -37, -29,  -9,  -9, -33,  59, -25,  -9
 796,     1, -15,  -7,  -7,  -7,  -7,  -7,  -7,  -7,  69,  -7
 797,     1,  -8,  -4,  -4,  -4,  -4,  84,  -4,  -4,  -4,  -4
 798,     1,  -2,  -2,  -2,  -2,  94,  -2,  -2,  -2,  -2,  -2
 799,     1, -22, -18, -26, -26,  -6,  70, -26, -22,  -6,  -6
 800,     1,  -8, -28,  60,  -8, -24,  -8, -36,  -8, -20, -12
 801,     1,  -8,  -8, -16,  -8, -20, -12,  -8,  84,  -8,  -8
 802,     1, -37,  -9,  -9,  87, -33,  -9, -29, -33,  -9,  -9
 803,     1, -10, -10,  58, -10, -10, -10,  82, -38, -42, -42
 804,     1,  -4, -12,  -4,  -8, -20,  -4,  -4, -12,  88,  -4
 805,     1,  -5, -17, -21,  -5,  -5,  -5,  -5,  87,  -9,  -5
 806,     1,  -9, -41,  -9,  -9,  -9,  -9, -41, -41,  -9,  67
 807,     1,  -7,  -7,  -7, -11,  -7,  -7,  -7, -27,  -7,  81
 808,     1, -23,  69, -27, -23, -31,  -7,  -7,  -7,  -7,  -7
 809,     1, -21, -21,  -5,  91, -17,  -5, -17,  -5,  -5, -25
 810,     1,  -4,  92,  -8,  -4,  -4,  -4,  -4,  -4,  -4,  -4
 811,     1,  -3,  -3,  -3,  -7,  -3,  93, -11,  -3,  -3,  -3
 812,     1, -31, -27,  -7, -15,  -7, -19,  -7,  81,  -7,  -7
 813,     1, -17, -21,  83,  -5,  -9,  -5, -21, -13,  -5,  -5
 814,     1,  -4,  -4,  -4,  84, -16,  -4,  -4, -16,  -4,  -4
 815,     1,  -4,  -4,  -4, -16,  -4,  -4,  -4,  -4,  -4,  92
 816,     1,  -6,  -6,  -6,  70, -10,  -6, -22,  -6,  -6, -26
 817,     1,  -5,  -5,  -9, -17,  -5,  -9,  -5,  -5,  -5,  83
 818,     1,  -3,  -3,  -3,  -3,  89,  -3,  -3, -15,  -3,  -3
 819,     1, -20,  -8,  -8, -24,  -8,  -8,  -8,  -8,  76,  -8
 820,     1, -12, -12,  -4,  88,  -4, -12,  -8,  -4,  -8,  -4
 821,     1,  -6,  -6, -18, -18,  -6,  78,  -6,  -6,  -6,  -6
 822,     1, -18,  -6,  -6,  -6,  -6,  -6, -22,  78, -10,  -6
 823,     0, -10, -18, -14, -10, -10, -10, -10, -18, -14, -10
 824,     1,  -9, -41,  -9,  -9,  71, -41, -25, -29, -41,  -9
 825,     1,  -2,  -2,  -2,  -2,  -2,  -2,  -2,  -2,  -2,  90
 826,     1, -33, -17, -13, -17, -25, -41, -13,  63, -25, -29
 827,     1,  -9,  79,  -9, -41,  -9, -25,  -9,  -9, -25, -37
 828,     1,  -5, -17,  87,  -5,  -5,  -5,  -5,  -5, -21,  -5
 829,     1,  -5,  -9,  -5,  -5, -21,  79,  -5,  -5, -17,  -5
 830,     1,  -7,  -7,  81, -15,  81,  -7, -15,  -7,  -7,  -7
 831,     1,  -5,  -5,  -5, -25,  -5,  -5,  -5,  -5,  -5,  83
 832,     1,  -7, -19,  -7,  -7,  -7, -27, -23, -27,  -7,  85
 833,     1,  -5,  -5,  79,  -5,  -5,  -9,  -5,  -5,  -5,  -5
 834,     1, -27,  -7, -19,  -7,  -7, -23,  89,  -7,  -7, -31
 835,     0, -11, -11, -11, -23, -11, -43, -23, -11, -43, -11
 836,     1,  -5, -13, -21,  -5,  -5, -21, -17,  -5,  87, -21
 837,     1, -26, -10,  -6,  -6,  -6,  86,  -6,  -6, -22,  -6
 838,     1,  -6,  -6, -22,  -6,  -6,  70, -14,  -6,  -6, -10
 839,     1,  -7, -27,  -7,  -7,  69,  -7,  -7, -23,  -7, -19
 840,     1,  -4, -16,  88,  -4,  -4,  -4,  -4,  -4,  -4,  -4
 841,     1, -24,  88,  -8,  -8,  -8, -32,  -8,  -8, -32,  -8
 842,     1,  -5,  -5,  91,  -5,  -5, -17,  -5, -17,  -5,  -5
 843,     1,  -8, -16,  -8, -28, -24,  -8, -28, -24,  88,  -8
 844,     1,  92,  -4,  -4,  -4,  -4,  -4,  92, -12,  -4,  -4
 845,     1, -21,  -5,  -5,  79,  -5,  -5,  -5,  -5, -17,  -5
 846,     1,  -5, -21,  -9,  -5,  -5,  91,  -5,  -5, -17,  -5
 847,     1,  63, -17,  -9,  -9,  -9, -29, -17, -37,  -9,  -9
 848,     1, -20,  -8,  72, -32, -36, -20, -40,  -8, -12,  -8
 849,     1,  84, -16,  -4,  -4,  -4,  -8, -16,  -4,  -4,  -4
 850,     1,  -9,  79,  -9, -13, -33,  -9, -41, -41,  -9, -17
 851,     1,  -3,  -7,  -3,  -3,  -3,  -3,  -3,  -3, -15,  89
 852,     1,  -7, -11, -15, -11, -19,  77, -27,  -7,  -7,  -7
 853,     1,  -2,  -2,  -2,  -2,  -2,  -2,  -6,  90,  -2,  -2
 854,     1,  -4,  -4, -12,  88, -12, -16, -12, -20, -12,  -4
 855,     0, -11, -19, -11, -11, -43, -35, -23, -11, -11, -31
 856,     1, -12, -16,  -8, -40,  -8, -28,  64,  -8,  -8, -28
 857,     1,  -9, -17,  -9,  -9,  -9,  -9, -33,  -9,  71, -37
 858,     1, -13, -21,  -5,  -5,  -9,  -5, -21,  83,  -5,  -9
 859,     1, -36,  -8, -40,  -8,  60, -32,  -8,  -8, -12,  -8
 860,     1,  -3,  -3, -11,  -3,  -3,  -3,  -3,  -7, -11,  93
 861,     1,  -8, -16, -16,  64, -12, -36,  -8,  -8,  -8, -40
 862,     1,  -5,  -5,  -5,  -5,  -5,  -5,  -5,  87,  -5,  -5
 863,     1, -36,  -8, -16,  -8, -28,  -8, -32, -16,  68, -28
 864,     1,  -9,  63,  -9, -29,  -9, -41,  -9,  -9,  -9,  -9
 865,     1,  -9,  -5,  91,  -5,  -5,  -5, -21, -21,  -5,  -9
 866,     1,  -5,  -5,  -5,  -5, -17, -13,  -5,  -5,  83,  -5
 867,     1,  -7,  -7,  -7,  -7,  73,  -7, -27,  -7,  -7,  -7
 868,     1,  -4,  -4, -12, -20,  -4, -20,  -4,  84, -12,  -4
 869,     1,  -3,  -3,  -3,  -3,  -7, -11,  -7, -15,  -3,  93
 870,     1,  -6,  -6, -22,  -6,  -6,  -6,  86, -14,  -6,  -6
 871,     1,  -6, -10, -18,  -6,  -6,  -6, -10,  -6,  78,  -6
 872,     1, -33,  -9,  -9,  -9,  -9, -33,  -9, -13,  71, -37
 873,     1,  -6,  90,  -6,  -6,  -6,  -6, -26, -18, -22, -26
 874,     1,  -6, -26,  70,  -6, -26,  -6, -10,  -6,  -6,  -6
 875,     1, -12,  -4,  84,  -4,  -4,  -4, -16,  -4,  -4,  -4
 876,     1,  -6, -18, -18, -26,  70, -30, -18,  -6,  -6,  -6
 877,     1,  -8, -32,  -8, -32,  64,  -8,  -8,  -8, -36,  -8
 878,     1,  93,  -3,  -7,  -3,  -3,  -3,  -3,  -3,  -3,  -3
 879,     1, -15,  -3,  -3, -15,  -3,  -7,  -3,  93,  -3,  -3
 880,     1, -21,  -5,  -5,  -9,  -5,  -9,  -5,  -5,  79,  -5
 881,     1, -21, -17, -41,  71,  -9, -37, -29,  -9, -41, -41
 882,     1,  -7,  -7,  -7,  -7,  89,  -7, -27, -23,  -7,  -7
 883,     1, -10, -42,  58, -10, -10, -10, -10, -10, -10, -10
 884,     1,  -6,  78,  -6,  -6,  -6,  -6,  -6, -26, -30, -14
 885,     1, -23,  -7,  -7, -15,  -7,  -7,  -7, -27,  -7,  81
 886,     1,  82,  -6,  -6,  -6, -14,  -6, -18, -26,  -6,  -6
 887,     1,  -8,  -8,  -8,  -8,  72,  -8,  -8, -36,  -8,  -8
 888,     1,  84,  -4,  -4, -12,  -4,  -4,  -4,  -4,  -4,  -4
 889,     1, -22, -26, -10, -42, -26, -10, -42, -10, -10,  70
 890,     1, -16,  -4,  -4,  -4,  -4, -20, -20,  -4,  -4,  80
 891,     1,  -5,  -5, -13, -21,  -9, -21,  83, -17,  -5,  -9
 892,     1,  88, -12,  -4,  -4,  -4, -12,  -4,  -4,  -4,  -4
 893,     1,  -7,  -7,  -7, -15,  -7, -11,  85,  -7,  -7,  -7
 894,     1,  -9,  -9,  -5,  -5,  -9,  91,  -5,  -5,  -5,  -5
 895,     1,  -9, -41,  -9,  -9,  -9,  -9, -41,  -9,  59,  -9
 896,     1,  -3,  -3,  93,  -3,  -3,  -3,  -3,  -3,  -3,  -7
 897,     1, -30, -26, -14,  -6, -14,  70, -26, -26,  -6, -30
 898,     1, -24, -36,  76, -28,  -8, -32,  -8,  -8,  -8,  -8
 899,     1,  76, -40, -36, -32, -36, -40, -24,  -8, -28, -20
 900,     1,  -5,  -9,  -5,  87,  -5, -13, -25,  -5,  -5,  -5
 901,     1,  -8, -32,  -8,  -8,  80,  -8,  -8, -20, -16,  -8
 902,     1,  -4,  -4,  -4, -16,  -4,  92,  -4,  -8,  -4,  -4
 903,     1, -20,  88,  -4,  -4,  -4, -12, -20, -16,  -4,  -4
 904,     1,  -7,  -7, -11, -27,  -7,  77, -27, -35,  -7, -27
 905,     1,  -9,  -9,  -9,  67,  -9,  -9,  -9, -41,  -9, -33
 906,     1, -26,  -6,  -6, -30,  -6,  -6, -14,  -6,  90, -14
 907,     1,  -3,  89,  -3,  -3,  -3, -11,  -3,  -3,  -3,  -3
 908,     0, -11, -11, -11, -43, -11, -39, -11, -23, -11, -15
 909,     1, -26, -10,  66, -42, -10, -10, -10, -10, -34, -42
 910,     1,  -9,  63,  71, -21, -29,  -9,  -9,  -9,  -9, -29
 911,     1,  -7,  -3,  -3,  -3,  93,  -3,  -3,  -3,  -3,  -3
 912,     1,  -7, -23,  -7, -23,  -7,  -7, -31, -31,  89,  -7
 913,     1,  -5, -17, -13, -17,  -9,  -5,  -5, -17,  -5,  91
 914,     1, -31,  -7,  -7, -15,  -7, -31,  65,  -7, -23,  -7
 915,     1, -10, -26,  58, -26, -10, -10, -10, -18, -10, -18
 916,     1,  86,  -6,  -6,  -6,  -6,  -6,  -6,  -6,  -6,  -6
 917,     0, -19, -11, -23, -11, -51, -11, -23, -11, -27, -11
 918,     1, -29, -41,  -9, -13,  -9,  -9, -37,  59,  -9,  -9
 919,     1, -22, -14,  -6, -22,  -6,  78, -10, -10,  -6,  -6
 920,     1,  -9, -29, -33, -13, -25,  -9,  -9,  75, -41, -21
 921,     0, -11, -11, -15, -31, -51, -43, -35, -19, -43, -11
 922,     1,  84,  -4,  -4,  -4,  -4,  -4, -20,  -4,  -4,  -4
 923,     1, -33, -33, -13,  75, -37, -21, -17, -29, -41, -33
 924,     1, -25, -37, -41, -37, -25, -37, -41,  -9,  75, -41
 925,     1,  -8, -32, -24,  -8,  -8,  -8,  -8,  -8, -16,  60
 926,     1,  -6,  -6, -22,  -6,  -6,  -6,  -6,  -6,  78,  -6
 927,     1,  -9, -25, -13, -17,  67,  -9,  -9,  -9, -25,  -9
 928,     1,  -6,  -6,  90,  -6,  -6,  -6,  -6,  -6,  -6,  -6
 929,     1,  -6, -30, -22,  -6, -30, -22, -14,  86, -18, -26
 930,     1, -10, -10,  70, -30, -10, -10, -10, -10, -10, -10
 931,     1,  -3,  -3,  -3,  89,  -3,  -3,  -3,  -3,  -7,  -3
 932,     1, -31,  57, -35, -11, -19, -35, -23, -47, -43, -27
 933,     1,  -8,  88,  -8, -36,  -8,  -8,  -8, -36,  -8, -16
 934,     1,  -6,  70, -30,  -6,  -6, -14,  -6,  -6,  -6,  -6
 935,     1,  -8,  -8, -16,  -8, -28,  -8,  64,  -8,  -8,  -8
 936,     1, -29, -13,  -9, -41,  87, -13,  -9, -25,  -9,  -9
 937,     1, -20,  -8,  -8, -16,  72,  -8, -32,  -8,  -8, -32
 938,     1,  -5,  -5,  -5,  -5,  -5,  -5,  -9,  79,  -5,  -5
 939,     0, -11, -11, -39, -11, -43, -35, -43, -39, -11, -35
 940,     1, -20, -16, -36, -28, -32,  -8, -16, -36,  64,  -8
 941,     1,  -9, -17, -33,  -9,  79, -21, -25,  -9, -37, -17
 942,     1, -11, -11, -35, -27, -35, -39, -11,  57, -11, -39
 943,     1, -37, -33,  -9, -17, -37, -13,  -9, -13, -21,  71
 944,     1, -26,  74,  -6, -30,  -6,  -6,  -6,  -6,  -6,  -6
 945,     1,  -3,  -7,  89,  -3,  -3,  -3,  -3,  -3,  -3,  -3
 946,     1, -46, -10, -10, -10,  58, -42, -10, -10, -10, -10
 947,     1, -15,  -7,  -7,  -7,  -7,  -7,  -7,  65,  -7, -19
 948,     1, -12, -12, -40,  -8,  60,  -8,  -8, -24, -12, -32
 949,     1, -21,  91,  -5,  -5,  -5,  -5,  -5, -13, -25,  -5
 950,     1,  -8, -24,  -8, -32, -32,  -8, -40,  60,  -8, -16
 951,     1, -18, -42, -22, -10, -10, -18,  66, -42,  58, -38
 952,     1,  -3, -11,  -3,  -3,  -3,  -3,  -7, -11,  -3,  93
 953,     1, -11,  -3,  -3,  -3, -11,  -3,  -7,  -3,  -3,  89
 954,     1, -26, -30, -26,  -6, -10,  -6,  -6,  78, -26, -10
 955,     1, -21, -29, -17,  -9,  -9, -37, -41, -25,  -9,  59
 956,     1,  -4,  -4,  -4,  -4,  -4,  -4,  -4,  -4,  -4,  88
 957,     1,  -6,  78,  -6,  -6,  -6,  -6,  -6, -10,  -6,  -6
 958,     1,  -9,  -9,  -9,  -9,  -9, -25, -41,  -9,  87,  -9
 959,     1, -32,  -8,  64,  -8, -16, -32,  -8,  -8, -32,  -8
 960,     1,  -4,  -4,  -4,  88,  -4,  -4,  -4,  -4,  -4,  -4
 961,     1,  72, -12, -16,  -8,  -8,  -8, -16, -32, -20,  -8
 962,     1,  -3,  89,  -7,  -3, -11, -11,  -3,  -3,  -3, -11
 963,     1,  -9,  75,  -9,  -9,  -9, -41, -17, -13,  -9,  -9
 964,     1,  -4, -16,  92,  -4,  -4,  -4, -12, -12,  -4,  -4
 965,     1,  -3,  -3,  -3,  -3,  89,  -7,  -3,  -3,  -3,  -3
 966,     1, -25, -17,  -5, -13,  -5,  83, -25, -21,  -9,  -5
 967,     1,  83,  -9,  -5,  -5, -21, -25,  -5, -13,  -5,  -9
 968,     0, -11, -15, -19, -15, -43, -11, -31, -11, -27, -11
 969,     1,  -8,  84,  -8, -28,  -8,  -8, -40, -28,  -8, -20
 970,     1,  -8,  -8, -20,  68, -32, -24,  -8, -40, -24, -32
 971,     1,  -6,  -2,  94,  -2, -10,  -2,  -2,  -2,  -2,  -2
 972,     1,  -5, -21,  -5,  -5,  -5,  -5,  -5,  79,  -5,  -5
 973,     1,  88, -20,  -4,  -4, -12,  -4,  -4,  -4,  -4, -20
 974,     1, -11,  -3,  -3,  -3,  93,  -3,  -3,  -7,  -3,  -7
 975,     1,  -3,  93,  -3,  -3,  -3,  -3,  -3,  -3,  -3,  -3
 976,     1,  -5,  79,  -5,  -9,  -5, -17,  -5,  -5,  -5, -17
 977,     1, -10, -46, -38,  70, -18, -10, -22, -10, -10, -10
 978,     1, -37,  -9,  -9, -33, -21,  67,  -9,  -9,  -9,  -9
 979,     1,  -5,  -5,  -5, -21,  -5, -25,  -5, -21,  91,  -5
 980,     1,  -4,  -4,  -8,  -4,  -4,  -4, -12, -12,  84,  -4
 981,     1, -43,  53, -27, -11, -35, -11, -23, -27, -15, -47
 982,     1,  79,  -5, -21, -17,  -5,  -5,  -5, -21,  -9,  -5
 983,     1, -34, -22, -10, -30, -10, -42, -34,  58, -18, -22
 984,     1,  -7,  -7, -11,  65,  -7, -23,  -7,  -7,  -7, -15
 985,     1, -13,  -5, -25,  -9,  -5,  83,  -5,  -5,  -5,  -5
 986,     1,  -2,  -2,  94,  -6,  -6,  -2,  -2,  -2,  -2,  -2
 987,     1,  -7,  77, -19, -15, -31,  -7,  -7, -31, -23,  -7
 988,     0, -15, -19, -31, -11, -31, -11, -11, -11, -11, -35
 989,     0, -35, -11, -11, -11, -11, -39, -31, -11, -11, -47
 990,     1,  -3,  89,  -3,  -3,  -3, -11,  -3, -11,  -3,  -7
 991,     1, -26, -10, -10, -10, -10, -26,  58, -10, -10, -10
 992,     1,  -7,  69,  -7, -19,  -7,  -7, -23, -15,  -7,  -7
 993,     1, -21, -21, -21,  -5,  -5,  -5, -21,  -5,  91, -17
 994,     1,  -5,  -5, -13,  -9, -13,  91,  -5, -17,  -5,  -5
 995,     0, -11, -27, -43, -11, -15, -11, -11, -35, -19, -43
 996,     1,  -6,  -6,  -6,  -6,  -6,  -6, -30,  -6,  78,  -6
 997,     1,  -4,  88,  -8,  -4, -12,  -4,  -4, -20,  -4,  -4
 998,     1,  -8,  -8,  72, -32,  -8,  -8,  -8,  -8, -28,  -8
 999,     1,  -8, -40, -28, -16,  -8,  -8, -20,  -8,  -8,  84
