nExp, valid,  A0
   0,     0, -11
   1,     0, -19
   2,     1,  68
   3,     0, -31
   4,     1,  86
   5,     0, -27
   6,     1,  76
   7,     0, -43
   8,     1,  70
   9,     1,  70
  10,     0, -11
  11,     0, -11
  12,     0, -34
  13,     0, -11
  14,     0, -11
  15,     0, -43
  16,     0, -23
  17,     0, -23
  18,     0, -10
  19,     0, -11
  20,     0, -11
  21,     0, -11
  22,     0, -43
  23,     1,  81
  24,     0, -11
  25,     0, -22
  26,     0, -35
  27,     1,  66
  28,     0, -11
  29,     0, -11
  30,     1,  67
  31,     1,  53
  32,     1,  60
  33,     0, -11
  34,     0, -10
  35,     0, -11
  36,     0, -31
  37,     0, -11
  38,     1,  66
  39,     0, -11
  40,     1,  62
  41,     0, -11
  42,     1,  69
  43,     1,  53
  44,     0, -31
  45,     1,  62
  46,     0, -18
  47,     0, -27
  48,     0, -11
  49,     1,  60
  50,     0, -31
  51,     0, -11
  52,     1,  83
  53,     0, -10
  54,     0, -11
  55,     0, -43
  56,     0, -15
  57,     0, -47
  58,     0, -39
  59,     1,  72
  60,     0, -11
  61,     0, -11
  62,     0, -11
  63,     0, -30
  64,     0, -35
  65,     0, -15
  66,     0, -43
  67,     1,  79
  68,     0, -11
  69,     0, -11
  70,     0, -10
  71,     0, -43
  72,     0, -43
  73,     0, -11
  74,     0, -11
  75,     1,  58
  76,     0, -15
  77,     0, -11
  78,     0, -31
  79,     0, -10
  80,     0, -11
  81,     0, -11
  82,     0, -11
  83,     1,  67
  84,     0, -43
  85,     0, -11
  86,     1,  83
  87,     0, -11
  88,     0, -10
  89,     0, -43
  90,     0, -11
  91,     1,  60
  92,     0, -11
  93,     0, -15
  94,     0, -34
  95,     0, -23
  96,     0, -23
  97,     0, -27
  98,     0, -43
  99,     0, -11
 100,     0, -18
 101,     0, -11
 102,     0, -23
 103,     0, -31
 104,     0, -27
 105,     0, -11
 106,     1,  62
 107,     0, -11
 108,     0, -26
 109,     0, -11
 110,     0, -27
 111,     0, -11
 112,     0, -11
 113,     0, -47
 114,     0, -10
 115,     0, -11
 116,     0, -43
 117,     0, -11
 118,     0, -11
 119,     0, -27
 120,     0, -10
 121,     0, -43
 122,     0, -11
 123,     0, -47
 124,     0, -27
 125,     0, -23
 126,     0, -10
 127,     1,  59
 128,     1,  71
 129,     0, -11
 130,     0, -31
 131,     1,  78
 132,     0, -19
 133,     0, -11
 134,     1,  84
 135,     0, -11
 136,     0, -27
 137,     0, -43
 138,     0, -10
 139,     1,  60
 140,     0, -39
 141,     1,  88
 142,     0, -11
 143,     1,  88
 144,     0, -35
 145,     1,  71
 146,     1,  61
 147,     0, -10
 148,     1,  72
 149,     0, -43
 150,     0, -11
 151,     0, -10
 152,     0, -19
 153,     1,  88
 154,     0, -35
 155,     0, -10
 156,     0, -11
 157,     0, -43
 158,     0, -19
 159,     0, -35
 160,     0, -11
 161,     0, -10
 162,     0, -43
 163,     0, -15
 164,     0, -27
 165,     0, -43
 166,     0, -35
 167,     1,  63
 168,     0, -11
 169,     0, -10
 170,     1,  86
 171,     0, -11
 172,     0, -15
 173,     0, -10
 174,     1,  62
 175,     0, -42
 176,     1,  65
 177,     0, -35
 178,     0, -11
 179,     1,  66
 180,     0, -27
 181,     0, -11
 182,     0, -11
 183,     1,  63
 184,     0, -11
 185,     0, -23
 186,     0, -11
 187,     1,  75
 188,     0, -11
 189,     0, -10
 190,     0, -47
 191,     0, -11
 192,     0, -11
 193,     0, -11
 194,     1,  58
 195,     1,  63
 196,     0, -11
 197,     1,  67
 198,     0, -47
 199,     1,  66
 200,     0, -47
 201,     1,  84
 202,     0, -23
 203,     0, -43
 204,     1,  63
 205,     0, -11
 206,     0, -43
 207,     0, -10
 208,     1,  67
 209,     1,  78
 210,     1,  75
 211,     1,  63
 212,     0, -39
 213,     0, -43
 214,     0, -31
 215,     1,  85
 216,     0, -11
 217,     0, -11
 218,     0, -26
 219,     0, -43
 220,     0, -11
 221,     0, -19
 222,     0, -43
 223,     0, -11
 224,     0, -46
 225,     0, -15
 226,     1,  70
 227,     1,  66
 228,     0, -11
 229,     0, -11
 230,     0, -11
 231,     0, -11
 232,     1,  72
 233,     0, -11
 234,     0, -11
 235,     1,  62
 236,     0, -43
 237,     1,  80
 238,     0, -43
 239,     0, -39
 240,     1,  89
 241,     0, -11
 242,     0, -27
 243,     0, -26
 244,     0, -31
 245,     0, -11
 246,     0, -43
 247,     0, -43
 248,     0, -15
 249,     0, -10
 250,     1,  86
 251,     0, -10
 252,     1,  63
 253,     0, -23
 254,     0, -11
 255,     1,  59
 256,     1,  91
 257,     1,  80
 258,     1,  63
 259,     1,  79
 260,     0, -11
 261,     1,  71
 262,     0, -31
 263,     0, -11
 264,     0, -11
 265,     0, -11
 266,     0, -27
 267,     0, -26
 268,     0, -11
 269,     0, -43
 270,     1,  83
 271,     0, -23
 272,     0, -11
 273,     0, -11
 274,     1,  63
 275,     0, -11
 276,     0, -11
 277,     1,  87
 278,     1,  72
 279,     1,  78
 280,     0, -10
 281,     0, -47
 282,     1,  78
 283,     0, -10
 284,     1,  54
 285,     0, -27
 286,     0, -42
 287,     0, -31
 288,     1,  83
 289,     1,  81
 290,     0, -38
 291,     0, -11
 292,     0, -11
 293,     0, -11
 294,     0, -11
 295,     0, -31
 296,     1,  60
 297,     1,  67
 298,     0, -11
 299,     0, -43
 300,     0, -43
 301,     0, -10
 302,     0, -35
 303,     1,  85
 304,     0, -15
 305,     0, -11
 306,     0, -19
 307,     0, -26
 308,     0, -11
 309,     0, -43
 310,     0, -11
 311,     1,  78
 312,     1,  63
 313,     0, -27
 314,     1,  73
 315,     1,  57
 316,     0, -42
 317,     0, -11
 318,     1,  64
 319,     0, -11
 320,     0, -35
 321,     0, -10
 322,     0, -43
 323,     0, -11
 324,     0, -27
 325,     0, -11
 326,     0, -11
 327,     0, -10
 328,     0, -11
 329,     0, -15
 330,     1,  71
 331,     0, -11
 332,     1,  89
 333,     1,  66
 334,     0, -11
 335,     0, -23
 336,     1,  85
 337,     1,  92
 338,     0, -11
 339,     0, -27
 340,     0, -10
 341,     0, -43
 342,     1,  62
 343,     0, -11
 344,     0, -10
 345,     1,  83
 346,     0, -11
 347,     0, -14
 348,     0, -31
 349,     0, -19
 350,     0, -11
 351,     0, -11
 352,     1,  68
 353,     0, -11
 354,     0, -43
 355,     1,  72
 356,     0, -10
 357,     1,  57
 358,     0, -11
 359,     0, -31
 360,     0, -38
 361,     0, -11
 362,     0, -11
 363,     1,  70
 364,     0, -11
 365,     0, -14
 366,     1,  85
 367,     1,  53
 368,     1,  83
 369,     0, -35
 370,     0, -11
 371,     0, -19
 372,     0, -11
 373,     0, -51
 374,     0, -10
 375,     0, -11
 376,     0, -27
 377,     1,  71
 378,     0, -42
 379,     0, -43
 380,     0, -11
 381,     0, -43
 382,     0, -43
 383,     0, -11
 384,     0, -10
 385,     0, -11
 386,     0, -31
 387,     0, -43
 388,     1,  79
 389,     0, -11
 390,     0, -43
 391,     0, -26
 392,     0, -19
 393,     0, -43
 394,     0, -11
 395,     1,  88
 396,     1,  59
 397,     0, -43
 398,     1,  89
 399,     1,  54
 400,     0, -11
 401,     0, -10
 402,     0, -11
 403,     0, -11
 404,     0, -51
 405,     0, -43
 406,     0, -31
 407,     0, -18
 408,     0, -27
 409,     0, -11
 410,     1,  73
 411,     0, -27
 412,     1,  82
 413,     1,  71
 414,     1,  88
 415,     0, -27
 416,     1,  59
 417,     0, -39
 418,     0, -27
 419,     1,  90
 420,     1,  49
 421,     0, -11
 422,     1,  69
 423,     0, -11
 424,     1,  76
 425,     1,  68
 426,     0, -10
 427,     0, -43
 428,     0, -43
 429,     1,  58
 430,     0, -11
 431,     0, -30
 432,     0, -43
 433,     1,  78
 434,     0, -39
 435,     1,  81
 436,     0, -11
 437,     1,  63
 438,     0, -27
 439,     0, -11
 440,     1,  88
 441,     0, -11
 442,     0, -11
 443,     0, -43
 444,     1,  78
 445,     0, -11
 446,     0, -10
 447,     0, -15
 448,     1,  92
 449,     0, -11
 450,     0, -11
 451,     0, -47
 452,     0, -10
 453,     0, -15
 454,     0, -11
 455,     0, -11
 456,     0, -11
 457,     0, -27
 458,     0, -42
 459,     0, -11
 460,     0, -35
 461,     1,  87
 462,     1,  59
 463,     0, -43
 464,     0, -11
 465,     1,  66
 466,     0, -10
 467,     1,  92
 468,     0, -11
 469,     0, -10
 470,     1,  60
 471,     1,  78
 472,     0, -11
 473,     1,  58
 474,     1,  53
 475,     1,  69
 476,     0, -10
 477,     0, -27
 478,     0, -43
 479,     0, -15
 480,     0, -11
 481,     0, -11
 482,     0, -10
 483,     1,  72
 484,     1,  62
 485,     0, -11
 486,     1,  87
 487,     0, -11
 488,     0, -11
 489,     1,  87
 490,     0, -11
 491,     0, -10
 492,     1,  70
 493,     0, -11
 494,     0, -34
 495,     0, -11
 496,     0, -11
 497,     0, -23
 498,     0, -11
 499,     0, -23
 500,     0, -10
 501,     0, -11
 502,     0, -19
 503,     0, -35
 504,     0, -11
 505,     0, -27
 506,     0, -10
 507,     0, -11
 508,     0, -31
 509,     0, -11
 510,     0, -11
 511,     0, -11
 512,     1,  54
 513,     0, -43
 514,     0, -11
 515,     0, -15
 516,     0, -31
 517,     0, -11
 518,     0, -10
 519,     0, -43
 520,     1,  63
 521,     0, -11
 522,     1,  53
 523,     0, -14
 524,     0, -43
 525,     0, -11
 526,     0, -43
 527,     0, -15
 528,     0, -11
 529,     0, -10
 530,     0, -19
 531,     0, -23
 532,     0, -11
 533,     1,  66
 534,     0, -11
 535,     0, -11
 536,     0, -10
 537,     0, -11
 538,     1,  58
 539,     0, -23
 540,     0, -42
 541,     0, -27
 542,     0, -23
 543,     0, -43
 544,     0, -23
 545,     0, -31
 546,     1,  65
 547,     1,  79
 548,     1,  90
 549,     0, -11
 550,     1,  66
 551,     0, -43
 552,     1,  53
 553,     0, -11
 554,     0, -14
 555,     0, -19
 556,     0, -23
 557,     0, -43
 558,     0, -35
 559,     1,  59
 560,     1,  59
 561,     0, -11
 562,     1,  81
 563,     1,  86
 564,     0, -23
 565,     0, -11
 566,     0, -11
 567,     0, -19
 568,     0, -11
 569,     0, -42
 570,     1,  54
 571,     1,  84
 572,     0, -11
 573,     0, -34
 574,     0, -11
 575,     0, -11
 576,     1,  72
 577,     0, -11
 578,     0, -11
 579,     0, -10
 580,     0, -11
 581,     0, -39
 582,     0, -31
 583,     0, -11
 584,     0, -43
 585,     1,  70
 586,     0, -10
 587,     0, -11
 588,     0, -19
 589,     0, -15
 590,     1,  60
 591,     0, -10
 592,     0, -43
 593,     1,  66
 594,     1,  72
 595,     0, -35
 596,     0, -23
 597,     0, -11
 598,     0, -11
 599,     0, -11
 600,     0, -10
 601,     0, -11
 602,     0, -11
 603,     0, -35
 604,     0, -43
 605,     1,  70
 606,     0, -43
 607,     0, -10
 608,     0, -11
 609,     0, -27
 610,     0, -11
 611,     0, -35
 612,     0, -11
 613,     0, -10
 614,     1,  74
 615,     1,  69
 616,     0, -47
 617,     0, -31
 618,     0, -26
 619,     1,  83
 620,     0, -39
 621,     0, -11
 622,     0, -27
 623,     1,  59
 624,     1,  74
 625,     0, -34
 626,     0, -43
 627,     0, -11
 628,     0, -11
 629,     0, -47
 630,     1,  81
 631,     0, -11
 632,     0, -43
 633,     0, -43
 634,     1,  93
 635,     0, -11
 636,     0, -43
 637,     0, -27
 638,     0, -11
 639,     0, -35
 640,     0, -42
 641,     1,  64
 642,     0, -31
 643,     0, -11
 644,     0, -27
 645,     0, -10
 646,     0, -11
 647,     0, -43
 648,     0, -11
 649,     0, -35
 650,     0, -11
 651,     0, -42
 652,     0, -35
 653,     0, -11
 654,     0, -11
 655,     0, -43
 656,     1,  71
 657,     0, -15
 658,     0, -42
 659,     0, -11
 660,     0, -47
 661,     1,  71
 662,     1,  69
 663,     0, -11
 664,     0, -11
 665,     1,  85
 666,     0, -11
 667,     0, -11
 668,     1,  79
 669,     0, -11
 670,     0, -27
 671,     0, -11
 672,     1,  84
 673,     0, -11
 674,     1,  58
 675,     0, -19
 676,     1,  65
 677,     0, -11
 678,     1,  71
 679,     1,  70
 680,     0, -11
 681,     1,  76
 682,     1,  62
 683,     1,  73
 684,     0, -11
 685,     0, -39
 686,     0, -11
 687,     0, -11
 688,     0, -18
 689,     0, -43
 690,     1,  66
 691,     0, -11
 692,     0, -31
 693,     0, -31
 694,     0, -11
 695,     0, -18
 696,     0, -15
 697,     0, -43
 698,     0, -11
 699,     0, -11
 700,     0, -31
 701,     0, -14
 702,     0, -11
 703,     0, -43
 704,     0, -11
 705,     1,  58
 706,     0, -11
 707,     1,  65
 708,     0, -11
 709,     0, -27
 710,     0, -23
 711,     0, -15
 712,     1,  72
 713,     0, -39
 714,     1,  64
 715,     0, -43
 716,     0, -11
 717,     0, -31
 718,     0, -11
 719,     0, -10
 720,     0, -31
 721,     0, -15
 722,     0, -11
 723,     0, -11
 724,     0, -43
 725,     0, -42
 726,     0, -39
 727,     0, -23
 728,     0, -11
 729,     0, -23
 730,     0, -11
 731,     0, -30
 732,     0, -15
 733,     0, -11
 734,     0, -23
 735,     0, -23
 736,     1,  78
 737,     0, -47
 738,     0, -19
 739,     0, -35
 740,     1,  79
 741,     0, -27
 742,     0, -11
 743,     0, -43
 744,     0, -34
 745,     1,  75
 746,     0, -11
 747,     0, -11
 748,     0, -46
 749,     0, -27
 750,     0, -11
 751,     0, -11
 752,     0, -39
 753,     1,  79
 754,     0, -10
 755,     0, -11
 756,     0, -11
 757,     0, -11
 758,     0, -11
 759,     0, -51
 760,     1,  72
 761,     0, -18
 762,     0, -39
 763,     0, -43
 764,     0, -43
 765,     0, -47
 766,     0, -11
 767,     0, -10
 768,     0, -43
 769,     1,  80
 770,     0, -31
 771,     0, -39
 772,     0, -15
 773,     0, -11
 774,     0, -10
 775,     0, -43
 776,     0, -35
 777,     0, -11
 778,     0, -43
 779,     0, -11
 780,     0, -10
 781,     0, -11
 782,     0, -11
 783,     0, -15
 784,     0, -43
 785,     0, -31
 786,     0, -42
 787,     0, -15
 788,     0, -43
 789,     0, -11
 790,     0, -27
 791,     1,  87
 792,     0, -11
 793,     1,  87
 794,     0, -35
 795,     0, -27
 796,     0, -11
 797,     0, -26
 798,     0, -11
 799,     1,  76
 800,     1,  82
 801,     0, -11
 802,     0, -11
 803,     0, -23
 804,     1,  81
 805,     1,  58
 806,     1,  58
 807,     0, -11
 808,     0, -11
 809,     1,  59
 810,     0, -11
 811,     0, -22
 812,     0, -43
 813,     1,  84
 814,     0, -43
 815,     0, -10
 816,     1,  66
 817,     0, -11
 818,     0, -35
 819,     0, -11
 820,     0, -15
 821,     0, -10
 822,     0, -11
 823,     0, -11
 824,     0, -31
 825,     0, -19
 826,     0, -31
 827,     0, -10
 828,     0, -11
 829,     1,  70
 830,     0, -11
 831,     1,  66
 832,     0, -11
 833,     0, -11
 834,     0, -19
 835,     0, -10
 836,     0, -31
 837,     0, -11
 838,     0, -31
 839,     0, -11
 840,     0, -11
 841,     0, -10
 842,     0, -11
 843,     0, -11
 844,     0, -11
 845,     0, -43
 846,     0, -11
 847,     0, -10
 848,     0, -39
 849,     0, -47
 850,     0, -27
 851,     0, -19
 852,     0, -11
 853,     1,  87
 854,     1,  87
 855,     0, -11
 856,     1,  82
 857,     0, -11
 858,     1,  78
 859,     1,  73
 860,     1,  62
 861,     0, -26
 862,     0, -11
 863,     0, -11
 864,     0, -35
 865,     0, -31
 866,     0, -11
 867,     0, -10
 868,     1,  71
 869,     0, -35
 870,     0, -11
 871,     0, -11
 872,     0, -10
 873,     0, -27
 874,     0, -43
 875,     0, -27
 876,     0, -39
 877,     0, -23
 878,     0, -10
 879,     0, -43
 880,     0, -11
 881,     0, -23
 882,     0, -11
 883,     0, -11
 884,     0, -18
 885,     0, -11
 886,     0, -11
 887,     0, -11
 888,     1,  60
 889,     0, -38
 890,     0, -51
 891,     0, -31
 892,     0, -11
 893,     0, -11
 894,     0, -11
 895,     1,  63
 896,     0, -11
 897,     0, -43
 898,     1,  94
 899,     1,  53
 900,     0, -31
 901,     0, -11
 902,     0, -43
 903,     0, -42
 904,     0, -23
 905,     0, -23
 906,     1,  70
 907,     1,  58
 908,     0, -43
 909,     0, -11
 910,     0, -11
 911,     0, -10
 912,     0, -27
 913,     0, -11
 914,     0, -47
 915,     0, -11
 916,     0, -11
 917,     1,  91
 918,     0, -11
 919,     0, -15
 920,     0, -14
 921,     0, -35
 922,     1,  53
 923,     0, -19
 924,     1,  67
 925,     0, -15
 926,     0, -11
 927,     0, -11
 928,     0, -11
 929,     1,  63
 930,     0, -11
 931,     0, -11
 932,     0, -27
 933,     0, -23
 934,     1,  63
 935,     0, -11
 936,     1,  81
 937,     0, -11
 938,     0, -11
 939,     0, -10
 940,     0, -11
 941,     0, -11
 942,     0, -11
 943,     0, -11
 944,     1,  65
 945,     0, -11
 946,     1,  89
 947,     1,  87
 948,     0, -38
 949,     0, -19
 950,     0, -31
 951,     0, -11
 952,     0, -43
 953,     1,  59
 954,     1,  88
 955,     1,  83
 956,     0, -11
 957,     0, -11
 958,     0, -27
 959,     0, -11
 960,     0, -10
 961,     0, -11
 962,     0, -19
 963,     0, -35
 964,     0, -11
 965,     0, -11
 966,     0, -42
 967,     1,  86
 968,     0, -34
 969,     0, -27
 970,     0, -27
 971,     1,  81
 972,     0, -10
 973,     0, -47
 974,     0, -11
 975,     0, -11
 976,     0, -11
 977,     0, -47
 978,     0, -10
 979,     0, -31
 980,     0, -23
 981,     0, -43
 982,     0, -43
 983,     0, -31
 984,     0, -34
 985,     1,  87
 986,     1,  71
 987,     1,  70
 988,     0, -11
 989,     0, -10
 990,     1,  63
 991,     0, -11
 992,     0, -11
 993,     1,  59
 994,     0, -11
 995,     0, -11
 996,     0, -31
 997,     0, -23
 998,     0, -11
 999,     1,  69
