nExp, valid,  A0,  A1,  A2,  A3,  A4,  A5,  A6,  A7,  A8
   0,     1, -31, -43, -11, -11, -23, -11, -43, -27,  61
   1,     1, -42, -42,  62, -10, -42, -10, -10, -10, -42
   2,     1,  -9,  -9, -41,  59,  -9,  -9,  -9,  -9,  -9
   3,     1,  -7,  -7,  -7, -23,  -7, -35, -35,  73,  -7
   4,     1, -10, -10, -26, -26, -42, -10, -10,  62, -14
   5,     1,  -5,  -5,  -5,  -5,  -5,  -5, -21,  83, -13
   6,     1,  -6,  -6,  -6,  -6,  70,  -6,  -6,  -6, -10
   7,     1,  -3,  -7,  -7, -11,  -3,  -3,  85,  -3, -11
   8,     1,  -4,  -4,  -4,  -4, -16, -12, -12,  84,  -8
   9,     1,  -4, -16,  -4,  -4, -20,  -4,  -4,  80,  -4
  10,     1,  -8,  -8,  -4,  -4,  84,  -4,  -4,  -4,  -4
  11,     1,  -4,  -4,  -4, -16,  -4,  88, -16,  -4,  -8
  12,     1, -12,  -4,  -4,  -4, -20,  -8,  92, -16,  -4
  13,     1,  -3,  -3,  -3,  -3,  -3,  -3,  -3,  93,  -3
  14,     1,  -7,  -7,  -7,  -7, -11,  -7,  89,  -7, -27
  15,     1,  -4, -20,  -4,  -4,  -4,  80,  -4, -12,  -4
  16,     1, -30, -10, -38, -10, -10, -10,  66, -10, -42
  17,     1, -23,  -7, -15, -23,  81,  -7,  -7,  -7, -35
  18,     1,  -7,  -7,  89,  -7,  -7,  -7,  -7,  -7, -23
  19,     1, -22, -10, -14, -18, -14, -18, -10, -34,  58
  20,     1,  -3,  -3,  -3,  -3,  -3,  -3,  -3,  -3,  93
  21,     1, -10, -42, -10, -10, -42, -10, -22, -10,  58
  22,     0, -10, -10, -42, -14, -34, -10, -30, -10, -42
  23,     1,  -9,  67,  -9, -41, -41, -13,  -9,  -9, -29
  24,     1,  -8,  -8,  -8,  -8, -32,  -8,  -8,  76,  -8
  25,     1, -25, -21,  -9,  -9,  71,  -9, -41,  -9,  -9
  26,     1, -10, -26, -30, -10, -42, -38, -18, -46,  58
  27,     1,  -6,  -6,  -6, -26, -26,  -6,  78, -10,  -6
  28,     1, -24,  -8,  80, -32,  -8,  -8,  -8,  -8, -16
  29,     1,  -8,  -8,  -8,  -8,  -8,  -8, -12,  -8,  80
  30,     1,  -4,  -4,  84,  -8, -16,  -4,  -4,  -4,  -4
  31,     1, -20,  -4,  -4,  -4,  -4,  -4,  -4,  -8,  84
  32,     1, -30,  86, -18,  -6, -26,  -6,  -6, -26, -10
  33,     1, -22, -38, -34, -10, -10, -10, -22, -30,  70
  34,     1,  -6,  -6,  90,  -6,  -6,  -6,  -6, -26, -26
  35,     1,  66, -10, -42, -22, -42, -10, -10, -10, -42
  36,     0, -10, -10, -30, -10, -10, -10, -46, -26, -14
  37,     1,  -6, -18, -18,  -6,  -6,  86,  -6,  -6, -18
  38,     1,  -5,  -5, -13,  79,  -9,  -5,  -5,  -5, -17
  39,     1, -16,  -8,  -8, -36,  64, -16, -28,  -8, -32
  40,     1,  -3,  93, -15,  -3,  -3,  -3,  -3,  -3,  -3
  41,     1,  -7,  -7,  77, -11, -27, -11, -11, -23,  -7
  42,     1, -11, -11,  -3,  93,  -3,  -3,  -3, -15,  -3
  43,     1, -16,  -4,  -4,  -4,  -4,  -4,  -4,  -4,  84
  44,     1,  -8, -24, -32,  -8, -12, -36,  76, -40, -32
  45,     1, -23, -27,  65, -19, -31, -35,  -7, -11, -15
  46,     1, -32, -12, -12,  -8,  -8, -32, -28,  -8,  60
  47,     1,  -3,  -3,  -3,  -3,  -3,  -3, -15,  -3,  89
  48,     1, -17,  -5,  -5,  -5,  -5,  -5,  -5,  -5,  83
  49,     1, -30,  -6,  -6,  86,  -6, -30, -30,  -6,  -6
  50,     1,  64,  -8, -16, -12,  -8,  -8, -40,  -8,  -8
  51,     1, -33,  -9,  -9,  -9,  -9, -17, -25,  87,  -9
  52,     1,  -4, -16,  -4,  -4,  84,  -4, -12, -16,  -4
  53,     1, -31,  -7,  -7,  -7,  -7, -19,  -7, -23,  85
  54,     0, -43, -11, -11, -43, -27, -35, -35, -11, -11
  55,     1, -41,  67,  -9, -17,  -9,  -9, -33,  -9,  -9
  56,     1,  88,  -8,  -4,  -4,  -4,  -4,  -4,  -4,  -8
  57,     1, -41, -13,  59,  -9, -29,  -9,  -9, -25,  -9
  58,     1, -13, -17,  -9, -13, -41,  67,  -9, -41,  -9
  59,     1,  -9, -29,  -9, -41,  -9, -33,  -9,  59,  -9
  60,     1, -10,  -6,  -6,  -6,  -6,  74,  -6,  -6, -18
  61,     1, -16,  -8,  -8,  -8,  -8,  72,  -8, -24,  -8
  62,     1,  -9,  -9,  63, -21,  -9,  -9,  -9,  -9,  -9
  63,     1,  -6,  -6, -18,  -6, -26,  -6, -30,  90, -26
  64,     1,  68, -32,  -8, -28, -40,  -8,  -8, -32,  -8
  65,     1,  74,  -6,  -6,  -6, -10, -26,  -6,  -6,  -6
  66,     1, -15,  -3,  -3,  -3,  89,  -3,  -3,  -3,  -3
  67,     1,  90,  -2,  -2,  -2,  -2,  -2,  -2,  -2,  -2
  68,     1, -10, -10,  74, -10,  70, -18, -42, -10, -18
  69,     1, -16, -16, -24,  -8,  -8,  88, -24,  -8, -24
  70,     1,  77,  -7,  -7, -31,  -7,  -7,  -7,  -7,  -7
  71,     1,  78,  78, -30,  -6,  -6,  -6, -18,  -6, -30
  72,     1,  59, -25, -21, -37,  -9, -17, -25,  -9, -25
  73,     1, -24,  -8, -32,  -8, -24,  -8,  -8,  80,  -8
  74,     1,  -4,  -4,  -4,  -4,  -4, -16,  92,  -4,  -4
  75,     1, -15,  -7, -31,  -7, -27,  -7,  77, -19, -15
  76,     1, -27,  -7,  -7, -23,  69,  -7, -23,  -7,  -7
  77,     1,  -6,  -6, -22, -22,  -6,  -6,  -6,  78,  -6
  78,     1, -20,  -8,  -8, -20, -16, -24,  60,  -8,  -8
  79,     1, -32,  -8,  -8,  -8, -20, -28,  68,  -8,  -8
  80,     1, -19, -19,  -7,  69, -11, -11,  -7, -23, -15
  81,     1,  -4,  -4,  -4,  -4,  -4,  88,  -4,  -4,  -4
  82,     1,  -5,  -5,  91, -13,  -5, -13, -21,  -5,  -9
  83,     1, -36,  -8, -40,  88, -36,  -8,  -8,  -8, -16
  84,     1, -19, -11,  53, -51, -31, -11, -23, -11, -43
  85,     0, -14, -10, -10, -10, -10, -10, -18, -10, -42
  86,     1, -23, -31,  -7,  -7, -35, -35, -11,  89,  -7
  87,     1,  -6,  -6,  -6, -22, -22,  -6,  -6,  74,  -6
  88,     1,  -6,  78,  -6, -18, -10, -10,  -6,  -6, -10
  89,     1, -16,  84,  -4, -12, -16,  -4,  -4, -12,  -4
  90,     1, -10, -10, -42, -38, -42,  62, -10, -30, -10
  91,     1, -35,  81,  -7, -19,  -7,  -7,  -7,  -7, -31
  92,     1,  -7,  -7,  77, -15, -23, -27,  -7,  -7, -11
  93,     1, -12,  -4,  -4,  -4,  -8,  -4,  -4,  92,  -4
  94,     1,  -5,  79, -21,  -5, -21,  -5,  -5,  -9, -17
  95,     1,  74,  -6,  -6,  -6, -18,  -6,  -6, -14, -26
  96,     1,  -2,  -2,  -2,  -2,  -2,  94,  -2, -10,  -2
  97,     1, -26, -14, -42, -10, -30,  62, -10, -42,  58
  98,     1, -10, -42, -10, -46, -10, -26, -30, -42,  82
  99,     1, -11, -19,  -7,  -7, -11,  -7,  89,  -7, -15
 100,     1,  -5,  79,  -5,  -9,  -5,  -5,  -5,  -5, -25
 101,     1, -15,  -7, -15, -27,  85, -27, -11, -23,  -7
 102,     0, -15, -11, -11, -23, -11, -11, -11, -11, -43
 103,     1,  -4,  -4,  -4,  88,  -4, -20, -12,  -4,  -4
 104,     1,  -5,  -5,  -5,  -5,  -5,  -5,  -5,  79,  -5
 105,     1,  -7,  -7,  -7,  -7,  -7, -11,  -7,  89,  -7
 106,     1,  -7,  -7,  65,  -7,  -7, -31,  -7, -23,  -7
 107,     1,  -5,  -5,  -5,  87,  -5,  -5,  -5,  -5,  -5
 108,     1,  -7,  -7,  -7,  77,  -7,  -7, -31,  -7,  -7
 109,     1, -10, -10, -10, -34, -10, -10, -10, -30,  58
 110,     1,  -6, -22,  -6,  -6,  -6, -14,  90, -26,  -6
 111,     1, -10, -14, -14, -10, -10, -18,  66, -34, -10
 112,     1,  -3,  -3,  -3,  -3,  93,  -3,  -3,  -3,  -3
 113,     1, -11,  -3,  -3,  85,  -3,  -3,  -3,  -3, -11
 114,     1,  69,  -7,  -7, -15,  -7,  -7,  -7, -19, -19
 115,     0, -10, -18, -10, -10, -42, -26, -10, -22, -10
 116,     1,  -3,  -3,  -3, -11,  -3,  -3,  -3,  -3,  93
 117,     1, -10,  58, -10, -38, -34, -10, -10, -42, -10
 118,     1,  91,  -9,  -5,  -9, -13,  -5, -17, -13,  -5
 119,     1,  89,  -7,  -7,  -7, -27,  -7, -11, -35, -19
 120,     1,  86,  -6,  -6,  -6,  -6,  -6,  -6,  -6, -18
 121,     1, -42, -10, -30, -10, -10, -10,  58, -14,  66
 122,     1, -10, -10, -10,  70, -14, -18, -38, -30, -10
 123,     1,  79, -25,  -5,  -5, -21, -21, -21,  -5, -17
 124,     1,  -8,  64,  -8, -16,  -8,  -8, -40,  -8, -16
 125,     1,  -9,  -9,  -9,  71,  -9,  -9, -33,  -9, -41
 126,     1, -42,  62, -10, -38, -34, -10, -10, -10, -10
 127,     1, -16,  -4,  -4,  -8,  84,  -4,  -4,  -4,  -4
 128,     1,  -8,  -8,  64,  -8, -40,  -8, -20,  -8,  -8
 129,     1,  -5,  -5,  87,  -9,  -5,  -5,  -5,  -5,  -5
 130,     1, -21,  -9, -37, -25,  -9, -41,  87,  -9, -13
 131,     1,  -5,  -5, -21,  -5, -13,  -5,  -5, -17,  79
 132,     1,  -4,  -4,  -4,  -4,  -4,  -4,  -4,  -4,  84
 133,     1,  -6, -22, -18,  -6,  -6,  78,  -6, -18,  -6
 134,     1,  -4,  -4,  -4,  -4,  -4, -16,  84,  -4,  -4
 135,     1, -12,  -8, -20,  -8, -16,  -8,  -8,  -8,  64
 136,     1,  -7,  -7,  -3,  -3,  93,  -3,  -3, -11,  -3
 137,     1, -26,  -6,  -6,  -6,  -6, -22, -26,  78,  -6
 138,     1,  -9,  63,  -9, -25,  -9,  -9, -21, -21,  -9
 139,     1, -20,  -4,  -4, -12,  -4,  -4,  -8, -12,  92
 140,     1, -33,  75,  -9,  -9, -41,  -9, -41,  -9,  -9
 141,     1,  -9, -41, -21, -25,  -9,  59,  -9,  -9,  -9
 142,     1,  -5,  -5,  -5, -21,  -9,  -5, -17,  -9,  91
 143,     1,  -8,  88, -36,  -8, -16, -24, -16, -20, -24
 144,     1, -23,  -7,  -7, -15,  -7,  65, -23,  -7,  -7
 145,     1,  -3,  -3,  -3, -15,  85,  -7,  -3,  -3,  -3
 146,     1,  -4,  -8,  -4, -20,  -4,  -4,  88, -20,  -4
 147,     1,  -5,  -9,  83,  -5, -17,  -5,  -5,  -5,  -5
 148,     1,  89,  -3,  -3, -15,  -3,  -3,  -3,  -7,  -3
 149,     1,  70,  -6,  -6, -26,  -6, -14, -10, -30,  -6
 150,     0, -11, -39, -23, -19, -43, -43, -35, -23, -11
 151,     0, -11, -11, -11, -31, -11, -11, -27, -19, -11
 152,     1,  -4,  -4,  -4,  -8,  -4,  -4,  -4,  -4,  84
 153,     1,  -7,  65,  -7,  -7,  -7,  -7,  -7,  -7,  -7
 154,     1,  -8,  -8, -32,  -8,  -8, -36,  64, -12,  -8
 155,     1,  -3,  -3,  -3,  -7,  89,  -3,  -3,  -3,  -3
 156,     1,  -8, -28,  64,  -8, -32, -36,  -8, -20, -32
 157,     1, -29, -17, -41, -13,  -9,  -9,  59,  -9,  -9
 158,     1, -32, -32,  -8, -36, -32,  -8,  84,  -8, -32
 159,     1,  -5,  -5,  -5,  -9,  -5, -21, -21,  87, -21
 160,     1, -10, -34, -22,  58, -42, -10, -34, -10, -22
 161,     1, -19, -27,  -7,  -7,  -7,  69,  -7,  -7,  -7
 162,     1, -26,  90,  -6,  -6, -26,  -6,  -6, -14,  -6
 163,     1,  -5, -17, -17,  -5,  87,  -5, -13, -21,  -5
 164,     1, -18, -10,  -6,  -6, -22,  86,  -6, -30,  -6
 165,     1,  70,  -6,  -6, -30, -14,  -6,  -6,  -6, -22
 166,     0, -11, -43, -11, -11, -43, -11, -43, -39, -23
 167,     1,  -6, -26, -18, -26, -18,  -6,  86,  -6, -22
 168,     0, -39, -11, -23, -43, -39, -31, -27, -35, -15
 169,     1, -38, -10, -10, -18, -10, -10,  62, -10, -10
 170,     1,  -3,  -3,  -3,  93,  -3,  -7,  -3,  -3, -11
 171,     0, -14, -22, -42, -34, -10, -14, -10, -26, -10
 172,     1,  -3,  89,  -3,  -3,  -3,  -3,  -3,  -3,  -3
 173,     1, -29,  59,  -9, -33,  -9,  -9, -17,  -9,  -9
 174,     1,  -9, -33, -41,  -9,  -9,  -9,  -9,  63,  -9
 175,     1,  -9, -41,  -9,  67,  -9, -25,  -9, -41, -21
 176,     1, -36, -32, -20, -24,  -8,  -8, -28,  88,  -8
 177,     1,  -8,  -8,  -8, -20, -36, -40,  -8,  68, -16
 178,     1,  -4,  -4,  -4,  -4,  -4,  -4,  -4,  88,  -4
 179,     1,  -4,  -8,  -4, -20,  -4,  -4, -16,  88,  -4
 180,     1, -25, -33, -37,  -9, -13,  87, -41,  -9, -17
 181,     1,  -6,  -6,  74,  -6, -18,  -6, -10,  -6,  -6
 182,     1, -17,  -9,  79,  -9, -37, -21,  -9,  -9,  -9
 183,     1, -20, -36, -36,  -8,  -8,  -8,  -8, -32,  68
 184,     1, -18, -34, -10, -42,  58, -10, -10, -42, -18
 185,     1,  71,  -9, -21, -29, -37,  -9,  -9, -41, -13
 186,     1, -37,  -9,  87,  -9,  -9,  -9,  -9, -37,  -9
 187,     1,  81,  -7,  -7,  -7, -31,  -7,  -7,  -7,  -7
 188,     0, -10, -10, -30, -10, -26, -10, -26, -10, -10
 189,     1, -34, -10, -10, -34,  66, -38, -30, -10, -18
 190,     1, -10,  94,  -2,  -6,  -2,  -2,  -2,  -2,  -2
 191,     1,  -7, -19, -19,  -7,  -7,  73,  -7, -31,  -7
 192,     1,  -7,  -7,  -7,  -7, -15,  77,  -7,  -7,  -7
 193,     1,  -8,  -8,  -8,  -8,  72,  -8, -16,  -8,  -8
 194,     1,  -4,  80,  -4,  -4, -12,  -4,  -4,  -4,  -4
 195,     1,  -4, -20,  -4,  -4,  -4,  -4,  92,  -4,  -4
 196,     1,  58, -30, -10, -10, -10, -26, -38, -22, -30
 197,     1,  -7,  -7,  65,  -7,  -7,  -7,  -7,  -7,  -7
 198,     1, -15,  89,  -3,  -3,  -3, -15,  -3,  -3,  -3
 199,     1,  -4,  -4,  -4,  -4,  80,  -4,  -4,  -4,  -4
 200,     1, -42, -10, -26, -10, -14, -10, -42,  86, -10
 201,     1, -21,  -5, -25,  -5,  -5,  -5,  87,  -5, -13
 202,     1, -24,  -8,  -8, -32,  76,  -8,  -8, -16, -36
 203,     1, -36, -16,  -8,  -8, -32, -28, -20,  84, -32
 204,     1,  63, -41, -21,  -9,  -9,  -9,  -9,  -9,  -9
 205,     0, -27, -11, -11, -11, -11, -23, -11, -11, -43
 206,     1,  60, -12, -24, -12,  -8,  -8,  -8, -28, -28
 207,     1,  58, -42, -22, -10, -26, -10, -10, -10, -10
 208,     1,  -7,  -7, -31,  -7,  -7, -19,  85, -11,  -7
 209,     1,  -6, -26, -26,  -6,  -6, -26, -18, -18,  86
 210,     1,  72,  -8,  -8,  -8, -32, -36,  -8, -40,  -8
 211,     1,  -5,  -5, -25,  -5,  -5,  87,  -5,  -5,  -5
 212,     1,  78, -10,  -6, -30,  -6, -26, -30,  -6,  -6
 213,     1,  -5,  -5, -21,  -5,  -5,  -5,  -5,  -5,  83
 214,     1,  -3,  -3,  -7,  -3,  -3,  -3,  89,  -3,  -3
 215,     1, -26, -10,  86,  -6, -30, -26,  -6, -22,  -6
 216,     1,  -9, -25,  -9,  -9, -41,  71,  -9, -21,  -9
 217,     1,  -9, -37,  -9,  63,  -9,  -9, -41,  -9, -29
 218,     1,  -6,  -6,  -6, -10,  -6,  90, -30,  -6,  -6
 219,     1, -16,  -8,  80,  -4,  -4, -12,  -4,  -4, -16
 220,     1,  -7, -27, -11,  -7,  -7, -19,  -7, -11,  73
 221,     1, -12,  -4,  -4,  -4,  -4,  -4,  -4,  -4,  88
 222,     1,  83, -37, -33, -41, -33, -13,  -9, -41, -41
 223,     1, -37,  -9, -17, -21,  -9, -29,  75,  -9,  -9
 224,     1,  60,  -8, -36,  -8, -24,  -8,  -8,  -8, -36
 225,     1, -21,  -5, -17,  87,  -5,  -5,  -5,  -9,  -5
 226,     1, -13,  -5,  -5,  -5, -21,  -5,  83,  -5,  -5
 227,     1,  86, -26,  -6, -30, -18,  78, -22, -14,  -6
 228,     1,  -7,  -7, -11,  85, -19,  -7,  -7,  85,  -7
 229,     1,  -9,  67,  -9, -21,  -9,  -9, -17,  -9, -37
 230,     1,  -3,  -3,  -3,  -3,  -3,  89,  -3,  -3,  -7
 231,     1,  -3,  -3,  -3,  -3,  -3,  -3,  93,  -3,  -3
 232,     1,  -6,  -6, -30, -26, -18,  78,  -6, -18, -18
 233,     1, -11, -31,  -7,  81, -19, -15,  -7,  -7,  -7
 234,     1, -10,  58, -30, -26, -34, -10, -22, -30, -26
 235,     1,  -4,  -4, -20,  84, -16,  -8,  80, -20, -12
 236,     0, -42, -10, -10, -42, -34, -14, -10, -14, -10
 237,     1,  -7, -31,  -7,  85, -35,  -7,  -7,  -7,  -7
 238,     1, -16, -20,  -4,  80,  -4,  -4,  -4,  -4,  -4
 239,     1,  -4,  -4,  -4, -12,  80,  -4, -20,  -4,  -4
 240,     1,  -3,  89,  -3,  -3,  -3,  -3,  -3,  -3,  -3
 241,     1,  -9, -13,  -9,  -9, -37, -33, -33,  71, -29
 242,     1,  -6,  -6,  78,  -6,  -6, -22, -30, -26,  -6
 243,     1,  -3,  -3,  -3,  -3,  -7,  -3,  85,  -3,  -3
 244,     1,  -5,  -5,  -5,  -5,  -5, -21,  -5, -21,  83
 245,     1,  -4,  -4,  -4,  92, -12,  -4,  -8,  -4,  -4
 246,     1,  -7,  73,  -7, -35,  -7,  -7,  -7,  -7, -19
 247,     1, -24, -36, -28, -12,  -8,  -8, -20,  60,  -8
 248,     1,  -5,  83,  -5,  -9,  -5,  -9,  -5,  -5,  -9
 249,     1, -25,  -9,  71,  -9,  -9, -33,  67,  -9,  -9
 250,     1,  -7,  -7,  -7, -31,  65,  -7,  -7,  -7,  -7
 251,     1,  -8,  -8,  -8,  76,  -8, -12, -24, -20, -32
 252,     1,  -4, -16,  -4,  -4,  -4,  -4,  -8,  84,  -4
 253,     1,  -5,  -5, -21,  -5,  83,  -5,  -5, -21, -17
 254,     1,  -3,  -7,  89,  -3,  -3,  -3,  -3,  -3,  -3
 255,     1, -30,  -6,  -6,  70,  -6, -14,  -6,  -6,  -6
 256,     1,  -3,  -3,  -7, -11,  -3,  -3,  93,  -3,  -3
 257,     1,  -7,  -7, -15,  -7, -31, -19, -15,  69,  -7
 258,     1,  -5, -21,  -5,  -5,  -5,  -5,  91,  -5,  -5
 259,     1, -41, -17,  -9, -21,  67, -33, -41, -21,  -9
 260,     1,  -4,  88,  -4,  -4,  -4,  -4,  -4,  -4,  -4
 261,     0, -10, -10, -10, -46, -26, -42, -10, -18, -10
 262,     1,  -4,  -4, -12,  -4,  -4,  -4,  80,  -4,  -4
 263,     1,  -9,  -9,  63, -29,  -9,  -9, -29,  -9, -25
 264,     1,  78,  -6,  -6,  -6, -18, -10, -14,  -6,  -6
 265,     1,  -4, -16,  -4,  -4,  -4, -12,  92,  -4,  -4
 266,     1, -22, -14, -10, -26,  90,  -6,  -6,  70,  -6
 267,     1,  -3,  -3,  -3,  -3,  -3, -15,  -3,  -7,  85
 268,     1, -10, -10, -10, -10,  62, -10, -10, -10, -26
 269,     0, -42, -10, -10, -10, -42, -42, -10, -22, -42
 270,     1, -22, -10, -42, -38, -18,  70, -14, -10, -42
 271,     1,  -8,  84,  -8,  -8,  -8,  -8, -12, -36,  -8
 272,     0, -11, -27, -27, -11, -43, -11, -43, -15, -11
 273,     1,  -9, -29,  -9,  -9,  -9, -21,  -9,  -9,  83
 274,     1,  -8,  -8, -36,  -8,  -8,  -8,  -8, -24,  60
 275,     1,  -5,  83,  -5,  -5,  -5,  -9,  -5,  -5,  -9
 276,     1,  -5,  -5, -17,  -5,  -5,  -5,  87, -21,  -5
 277,     1,  -8,  -8,  -8,  60, -24,  -8, -20,  -8, -20
 278,     1,  -3,  -3, -15,  89,  -3,  -3,  -3,  -3,  -3
 279,     1, -21,  -9,  59, -41, -17,  59,  -9, -33,  -9
 280,     1,  -8, -16,  -8,  -8,  -8, -32,  -8,  -8,  76
 281,     1, -35, -31,  69,  -7,  -7,  -7, -31, -31, -27
 282,     0, -31, -23, -11, -11, -11, -23, -19, -43, -31
 283,     0, -19, -11, -23, -15, -19, -43, -11, -11, -11
 284,     1, -41, -37,  -9,  -9,  -9, -13, -17, -21,  71
 285,     1,  -3,  -3,  -3,  -3,  -3,  -3,  85,  -3,  -3
 286,     1,  -4,  -8, -20,  -4,  92, -12,  -4,  -4,  -4
 287,     1,  -7,  -7,  -7, -31, -19,  -7,  65,  -7,  -7
 288,     1,  -7,  -7,  -7,  -7, -23,  -7, -11, -31,  81
 289,     1,  -7,  -3,  -3, -15,  89, -11,  -3,  -3,  -7
 290,     1, -20,  80, -28, -40, -32, -12,  -8, -20,  -8
 291,     1, -29,  -9,  -9,  -9,  -9,  -9,  63, -17,  -9
 292,     1,  -6, -14,  -6, -10,  -6,  -6,  -6, -22,  82
 293,     1,  -8, -20,  -8, -20,  -8,  -8,  64,  -8, -20
 294,     1, -10, -10, -10, -10, -10, -30, -10, -14,  66
 295,     1,  -7,  69, -27, -15, -15, -15, -35,  -7,  -7
 296,     1,  89,  -3,  -3,  -3,  -3,  -7,  -3,  -3,  -3
 297,     1,  67,  -9,  -9, -41,  -9,  -9, -13, -13, -25
 298,     1, -10, -10, -42, -30,  66, -10, -10, -30, -18
 299,     1, -11,  69, -35,  -7, -19, -19, -15, -11,  -7
 300,     1,  -9, -21,  59,  -9,  -9, -33, -37,  -9,  -9
 301,     1, -24, -20, -24,  -8, -20,  -8,  -8,  -8,  76
 302,     1,  -7,  89, -23,  -7, -31, -35,  -7,  -7,  -7
 303,     1,  85,  -3,  -3,  -3,  -3,  -3,  -3,  -3,  -3
 304,     1,  -3,  -7,  -3,  -3,  93,  -3,  -3,  -3,  -3
 305,     1, -10, -10, -10, -10,  66, -10, -18, -30, -10
 306,     1,  79,  -5, -21, -17, -21,  -9,  -5,  -5,  -9
 307,     1, -18, -14, -14,  -6,  -6, -26,  -6,  -6,  78
 308,     1,  -8, -20,  -8, -32, -32,  -8,  88,  -8,  -8
 309,     1, -25, -25, -13,  87,  -5,  -5,  -5,  83,  -5
 310,     1,  -7,  -7,  81,  -7,  -7,  -7,  -7, -11,  -7
 311,     1,  -3,  -3,  85,  -3,  -3,  -3,  -3,  -3,  -3
 312,     0, -11, -11, -47, -11, -11, -11, -11, -11, -31
 313,     1, -28,  -8,  80, -12, -20,  -8,  -8, -40, -32
 314,     1,  -7, -11, -35, -27,  89, -19, -19,  -7, -27
 315,     1, -42, -42, -42, -30, -42,  62, -34, -10, -10
 316,     1, -15,  -3, -11,  -3,  -3,  -3,  -7,  -3,  85
 317,     1,  71, -25, -33,  -9, -21, -41,  -9,  -9, -33
 318,     1,  -5, -25,  -5,  -5, -17,  -9,  -5,  -5,  87
 319,     1,  -6, -14,  -6,  78,  -6,  -6,  -6,  -6,  -6
 320,     1, -24,  -8,  -8,  -8,  -8, -40,  64,  -8,  -8
 321,     0, -11, -31, -27, -11, -15, -11, -35, -11, -43
 322,     0, -27, -11, -11, -47, -15, -11, -11, -11, -39
 323,     1,  -5,  83,  -9, -21,  -5,  -5, -17,  -5,  -5
 324,     1, -11, -11,  -7,  -7, -23, -23, -35, -19,  85
 325,     1,  83,  -5,  -5,  -5,  -5,  -5,  -5,  -5, -13
 326,     1,  -7,  -7,  -7,  -7, -23,  -7,  -7, -27,  81
 327,     1,  -8,  -4,  84, -12,  -4,  -4, -12, -16,  -4
 328,     1,  -9,  -9,  -9,  -9,  -9, -29, -17,  -9,  67
 329,     1, -27,  -7,  -7,  89,  -7, -23,  -7, -11, -23
 330,     1,  93,  -3,  -7,  -3, -11,  -3,  -7,  -3,  -7
 331,     1,  -5,  -9,  -9,  91,  -5,  -5,  -5,  -5, -21
 332,     1,  -4,  -4,  -4,  -4,  -4,  80,  -4,  -4,  -4
 333,     1,  -3,  -3,  -3,  89,  -3,  -3,  -7,  -3,  -3
 334,     1, -26, -10,  70, -10, -38, -10, -42, -14, -10
 335,     1,  -9, -17,  -9, -13,  -9,  67,  -9, -41,  -9
 336,     1, -20,  -4,  -4,  88,  -4,  -4,  -4,  -4,  -4
 337,     1,  -6,  -6,  -6, -30,  -6,  -6,  90,  -6,  -6
 338,     1,  -6,  -6,  -6, -26, -18,  -6,  -6,  -6,  86
 339,     1, -42, -10, -10, -10, -10,  74, -42, -10, -10
 340,     1,  -6, -14,  -6,  -6, -14,  86, -26, -22,  -6
 341,     1, -12,  -8, -32, -36,  68, -12, -36,  -8,  -8
 342,     1, -28,  -8, -36, -36,  -8, -20, -28, -12,  60
 343,     1,  -9,  -9,  -9, -37, -25,  79,  -9, -29, -33
 344,     1,  -9, -37,  -9,  67,  -9, -25, -21, -13, -13
 345,     1,  -9, -41, -13, -13, -13,  63,  -9,  -9,  -9
 346,     1,  -6,  -6,  -6,  90,  -6, -22,  -6,  -6,  -6
 347,     1, -16,  -4,  -4,  92,  -4,  -4,  -4,  -4, -16
 348,     1,  79,  -5,  -9,  -5, -17, -25,  -5,  -5,  -5
 349,     1,  -2,  -2,  -2,  -2,  -2,  -2,  -2,  -2,  90
 350,     0, -23, -27, -35, -23, -19, -11, -15, -35, -11
 351,     1, -13,  67,  67,  -9, -25,  -9, -29,  -9,  -9
 352,     1, -10, -42,  54, -10,  70, -26, -10, -10, -26
 353,     1,  -9,  -9,  -9,  -9, -33,  71,  -9,  -9, -29
 354,     1,  -5,  79, -13,  -5,  -5, -25,  -9,  -5,  -5
 355,     1,  -3,  -3,  -7,  89,  -3,  -3,  -3,  -7,  -3
 356,     0, -11, -11, -11, -15, -43, -11, -11, -11, -11
 357,     1,  -8, -36, -40,  -8,  -8, -28,  -8,  72, -28
 358,     0, -10, -10, -10, -22, -30, -34, -42, -10, -30
 359,     1,  -2,  94,  -2,  -2,  -6,  -2,  -6,  -2,  -2
 360,     1, -27,  -7,  -7,  65,  -7,  -7,  -7, -31,  -7
 361,     1,  -5,  -5,  -5,  -5,  -5, -17, -13,  83,  -5
 362,     1,  93,  -3,  -3,  -3,  -3,  -3,  -3,  -7,  -7
 363,     1, -10, -34,  86, -10, -42, -10, -22, -10, -10
 364,     1,  66, -22, -14, -10, -14, -10, -10, -10, -10
 365,     1,  -3,  -7,  -3,  -3,  93,  -3,  -3,  -3, -15
 366,     1, -15,  -7,  -3,  -3,  -3,  -3, -11,  93, -11
 367,     1, -26,  -6, -14, -26,  -6,  -6, -26,  -6,  82
 368,     1,  -8,  -8, -36,  -8,  -8, -24,  -8,  -8,  68
 369,     1,  -5,  -5,  -5,  -5,  -5,  79,  -5, -21,  -5
 370,     1, -32,  64,  -8, -12, -12,  -8,  -8, -12,  -8
 371,     1,  -6,  82,  -6, -10, -14, -22,  -6,  -6, -26
 372,     1,  -7,  -7,  -7,  -7,  -7,  -7,  73, -19, -19
 373,     0, -43, -11, -11, -43, -31, -11, -11, -15, -15
 374,     1,  -9, -13,  -5,  -5,  -5,  -5,  -5,  83,  -5
 375,     0, -11, -11, -11, -11, -43, -43, -11, -15, -43
 376,     1,  -4,  -4,  88, -12,  -4, -12,  -4, -20,  -4
 377,     1, -11,  -7, -27,  65, -15,  -7,  -7,  -7,  -7
 378,     1, -40,  -8,  -8,  80, -24,  -8, -36,  -8,  -8
 379,     1,  79,  -5,  -5,  -9,  -5,  -9,  -5,  -5,  -5
 380,     1,  71, -17,  -9,  -9,  -9,  -9, -13, -17,  -9
 381,     1,  -6,  -6, -30,  -6,  -6, -18,  -6,  74,  -6
 382,     1,  79,  -5,  -5,  -5,  -5,  -5,  -5, -13,  -5
 383,     1,  -8,  -8, -28,  76, -28,  -8, -32, -24, -16
 384,     0, -11, -11, -23, -11, -11, -35, -23, -11, -27
 385,     1,  -4,  -4,  92,  -4, -12, -16,  -4,  -4,  -4
 386,     1,  -8,  68, -32,  -8,  -8, -40, -24, -16, -12
 387,     1,  68, -40, -28,  -8,  -8,  -8, -20,  -8, -24
 388,     1,  -7, -15, -27,  -7,  89, -35,  -7, -27,  -7
 389,     1,  -6,  -6,  74,  -6,  -6,  -6,  -6,  -6,  -6
 390,     1,  -7,  65,  -7, -31, -27, -19, -31, -23,  -7
 391,     0, -10, -18, -26, -10, -22, -42, -42, -10, -10
 392,     1,  -8,  -8, -20,  84, -32, -28,  -8, -16, -40
 393,     1, -26,  -6, -26,  -6,  -6, -10, -26,  -6,  70
 394,     1,  87,  -5,  -5,  -5,  -5,  -5, -17,  -9,  -5
 395,     1,  86, -26,  -6,  -6,  -6, -10,  -6, -26,  -6
 396,     1, -42, -10, -30, -34, -10, -10, -22,  70, -10
 397,     1,  -5,  -5,  83, -25,  -5,  -5,  -5,  91,  -5
 398,     1,  -4,  -4,  -4,  -4,  -4, -12,  84,  -4,  -4
 399,     1, -41, -29, -41, -21,  71, -41, -41, -41, -37
 400,     1,  -5,  87,  -5,  -5,  -5,  -5,  -9, -21,  -5
 401,     1,  -6,  -6,  -6, -10,  74,  -6,  -6,  -6, -26
 402,     0, -18, -10, -10, -10, -10, -10, -34, -26, -14
 403,     1, -21,  -9,  -9,  71,  -9,  -9,  -9,  -9, -17
 404,     1, -35,  -7, -35, -27,  -7,  -7, -11,  -7,  73
 405,     1,  -6,  -2,  -2,  -2,  94,  -2,  -2,  -2,  -2
 406,     1,  79, -13,  -9,  -9, -25, -41, -37,  -9, -13
 407,     1,  -5,  -5,  -9,  -5,  -5,  -5,  -9,  -9,  79
 408,     1,  -9, -13, -17,  87,  91,  -5,  -5, -21, -17
 409,     1,  -9,  -9,  -9,  -9,  -9, -13,  87,  -9, -21
 410,     1, -27,  -7, -35,  77, -19, -23, -15,  -7,  -7
 411,     1,  -4,  -4,  88,  -4,  -8,  -4,  -4, -20,  -4
 412,     1,  -3,  -3,  89,  -3,  -3,  -3,  -3,  -3, -11
 413,     1,  -6,  -6,  -6, -30,  82,  -6,  -6,  -6,  -6
 414,     1,  -7,  -7,  -7,  -7, -11,  73, -35, -15,  -7
 415,     1,  -5,  -5,  -5,  79,  -9,  -5, -21,  -5,  -5
 416,     1,  -4, -16,  88,  -4,  -4,  -8, -12,  -4,  -4
 417,     1, -23,  69,  -7, -35, -31, -15, -31, -31,  -7
 418,     1, -17,  -5,  83,  -5,  -5, -21, -25,  -5,  -5
 419,     1, -17,  59, -29, -41,  -9, -41, -41, -21,  -9
 420,     1, -30,  -6,  -6, -10,  90, -18, -30,  -6,  -6
 421,     1, -24,  -8, -28,  64,  -8, -12,  -8,  -8,  -8
 422,     1,  -5,  79, -13, -13,  -5,  -5, -21,  -5, -13
 423,     1,  -8,  -4,  -4,  -4,  -4, -12, -12,  -4,  92
 424,     1,  -9,  71,  -9, -41,  -9, -29,  -9,  -9,  -9
 425,     1, -28, -32, -40, -36,  -8, -24,  80,  -8, -12
 426,     1, -12,  -8,  -8, -20, -32,  -8, -28,  84,  -8
 427,     1,  -9,  -5,  -5, -21,  -5,  -5,  -5,  87,  -5
 428,     1,  -3,  89,  -3,  -3,  -3,  -3,  -3,  -3, -11
 429,     0, -11, -11, -43, -51, -11, -39, -11, -15, -31
 430,     1,  -9,  -9, -25,  -9, -21,  -9, -29,  71, -37
 431,     1,  -4,  -4,  -4,  -4,  80,  -4,  -4,  -4,  -4
 432,     1,  -9,  -9, -41,  -9,  -9,  -9, -17, -13,  71
 433,     1,  -5,  -5, -21, -21,  -5,  -5,  -5,  -5,  83
 434,     1, -37, -41, -41, -37, -41, -37, -21,  -9,  83
 435,     1,  -8,  64,  -8, -28, -36,  -8, -20,  -8, -24
 436,     1,  -5,  -5, -17,  -5, -21,  -5,  -5,  -5,  87
 437,     1, -22, -18, -30, -26, -18, -14,  90,  -6, -10
 438,     1,  77, -27,  -7,  -7,  -7, -11, -31, -31,  -7
 439,     1,  -8,  84,  80, -24,  -8,  -8,  -8,  76,  -8
 440,     1,  -9, -41,  -9,  59,  -9, -41,  -9, -33,  -9
 441,     1,  -3,  -7,  -3,  -3,  -3,  93,  -3,  -3,  -3
 442,     1,  -3,  89,  -3,  -3,  -7,  -3,  -3,  -3,  -3
 443,     1,  -6, -26, -18, -10,  -6, -14,  70,  -6,  -6
 444,     1,  -4, -20,  -4,  -4,  -4,  92,  -4,  -4, -20
 445,     1, -24,  -8, -16, -20,  -8, -24, -20,  64,  -8
 446,     1,  81,  -7,  -7, -23, -19,  -7,  -7,  -7, -27
 447,     1,  -2,  94,  -2,  -2,  -2,  -2,  -2,  -6,  -2
 448,     1, -23,  -7,  -7,  65,  -7, -23,  -7,  -7, -15
 449,     1,  -2,  -2,  -2,  -2,  94,  -2,  -2,  -2,  -2
 450,     1,  -8,  -8,  -8,  64,  -8,  -8,  -8, -20, -36
 451,     1, -36, -36, -16,  60,  -8,  -8,  -8,  -8, -16
 452,     1, -12,  -8,  -8,  -8,  -8, -28,  88, -24, -20
 453,     1, -12,  -8,  -4,  -4,  -4,  -4,  92, -12, -16
 454,     1, -30,  58, -10, -18, -10, -18, -18, -10, -30
 455,     1,  -4,  -4,  -4,  -4,  -4, -16,  -4,  -4,  88
 456,     1,  87,  -9, -13,  -9,  -9,  -9, -21,  -9, -33
 457,     1, -23,  -7,  85, -27,  -7,  -7, -31,  -7, -19
 458,     1, -25,  -5, -21,  -5, -13, -17,  -5,  91,  91
 459,     1,  -8, -32,  -8,  -8,  84,  -8,  -8, -32,  -8
 460,     1,  -3,  -3,  -3,  -3,  89, -15,  -3,  -3,  -3
 461,     1, -12,  -4,  -4,  -4,  -4,  -4, -16,  80,  -4
 462,     1,  -2, -10,  -2,  -2,  -2,  90,  -6,  -2,  -2
 463,     1,  -5,  -5,  91, -25,  -5,  -5, -21,  -5,  -5
 464,     1,  -4,  -8,  -8,  -4,  92,  -8, -16,  -4,  -4
 465,     1,  -9,  -5,  -5,  79, -13,  -5,  -5,  -5, -21
 466,     1,  -9,  -9, -13,  -9,  -9,  -9,  -9,  -9,  63
 467,     1,  -2,  -2,  -6,  -2,  -2,  -2,  94,  -2,  -2
 468,     1,  -7, -19,  -7,  -7,  89, -15, -11,  -7, -23
 469,     1,  -3,  93,  -7,  -3,  -3,  -3,  -3,  -3,  -7
 470,     1,  54, -42, -42, -10, -42, -14, -14, -10, -30
 471,     1,  -5,  -5, -21,  91, -13,  -5,  -5,  -5, -21
 472,     1,  -6,  90, -22,  -6,  -6,  -6, -18,  -6, -26
 473,     1, -19, -35,  -7,  -7,  -7, -11,  -7,  -7,  69
 474,     1, -41, -41,  -9,  -9,  87,  -9,  75,  -9, -41
 475,     1, -10, -42, -10, -10, -26, -34,  62, -42,  62
 476,     1,  -6, -10,  -6,  82,  -6,  -6, -26,  -6,  -6
 477,     1, -13, -21,  -9,  71,  -9,  -9,  -9, -41,  -9
 478,     1,  -8,  -4, -16,  80,  -8, -16,  -4,  -8, -12
 479,     1,  -2,  94,  -2,  -2,  -2,  -2,  -2,  -2,  -2
 480,     1, -10, -10, -10,  70, -10, -14, -30, -38, -38
 481,     1,  -4, -16,  -4, -12,  -4,  -4,  92,  -4, -16
 482,     1,  -5,  -5,  -9, -21,  -5, -17,  -5,  87,  -9
 483,     1,  -5,  -5,  -5, -21,  79,  -5,  -9, -17,  -5
 484,     1,  -4,  -4, -20,  92,  -4,  -4,  -4,  -4,  -4
 485,     1,  -7, -23,  -7,  -7, -15,  85,  -7,  -7,  -7
 486,     1, -11,  -7, -19,  -7,  -7,  -7,  -7,  -7,  65
 487,     1, -19,  -7,  77,  -7,  -7, -31, -15,  -7, -27
 488,     1,  -4,  -4,  -4,  -4,  -4,  -4,  92,  -8,  -4
 489,     1,  -6,  82,  -6,  -6, -10, -14, -26, -18, -26
 490,     1,  -4,  -4,  -4,  -4,  -4,  -4,  88,  -4,  -4
 491,     1,  -9, -25, -13, -41,  67, -21,  -9, -37,  -9
 492,     1,  93,  -3,  -3,  -3, -15,  -3,  -3,  -3,  -3
 493,     1, -10, -10, -10, -42,  62, -10, -10, -10, -14
 494,     0, -31, -15, -11, -11, -43, -11, -11, -11, -11
 495,     0, -42, -10, -26, -26, -10, -26, -30, -10, -10
 496,     1, -22, -18, -10, -10, -10, -10,  78, -10, -14
 497,     1, -18,  82, -14,  -6,  -6, -10, -26, -30, -18
 498,     1, -22, -10, -34, -10, -10, -10,  62, -10, -10
 499,     0, -11, -31, -19, -43, -11, -11, -43, -43, -11
 500,     1,  -3,  93,  -3,  -3,  -3,  -3,  -7,  -3,  -7
 501,     1,  -8, -24, -32, -28,  -8, -16,  80,  -8,  -8
 502,     1,  -4,  -4, -12,  -8,  92,  -4,  -4,  -4, -16
 503,     1, -11,  -3,  -3,  -3,  -3,  85,  -3,  -3, -15
 504,     1,  -5,  -5, -17,  -5,  83, -17,  -5,  -5,  -5
 505,     1,  -3,  -3,  -3,  -3,  -3,  -3,  -3,  85,  -3
 506,     1,  -9,  -9,  67,  -9, -21, -17,  -9, -29, -17
 507,     0, -11, -35, -15, -43, -11, -23, -11, -15, -35
 508,     1,  -4,  -4,  -4,  -4,  92, -16,  -4,  -4,  -8
 509,     1,  82,  -6,  -6, -14, -26,  -6,  -6,  -6,  -6
 510,     1,  -8,  -8,  -8,  -8,  -8, -24, -16,  -8,  72
 511,     1,  -4,  -4, -12, -16,  -4,  -4,  88, -16, -12
 512,     1, -16,  -4,  92, -12,  -4,  -4,  -4,  -4, -16
 513,     1, -36, -32, -28,  -8, -28,  -8,  -8, -36,  76
 514,     1, -26, -42, -10, -10, -10, -30, -10, -10,  70
 515,     1,  79,  -5,  -5, -13, -13,  -5,  -5,  -5,  -9
 516,     1,  -5,  87,  -9,  -5,  -5, -13, -21,  91,  -9
 517,     1,  -5,  -5,  -5,  -5,  -5,  -5,  87, -13,  -5
 518,     1,  -9,  79,  -5,  -5,  -5,  -5,  -5,  -5,  -5
 519,     1, -10, -42, -18, -42, -10, -38, -10, -10,  66
 520,     1, -10,  54, -14, -10, -10, -10, -10, -10, -10
 521,     1,  -4,  -4, -12, -12,  -4,  88,  -8, -12,  -4
 522,     1,  70,  -6, -22,  -6, -30,  -6, -18,  -6,  -6
 523,     0, -42, -26, -10, -10, -10, -10, -10, -10, -38
 524,     1, -22, -26,  -6,  -6,  -6, -26,  -6, -30,  82
 525,     1,  -7, -31,  73, -23,  -7,  -7, -27,  -7,  -7
 526,     1,  -3,  -3,  89,  -3,  -3,  -3,  -3,  -3, -15
 527,     1, -11,  -3,  -3,  -3,  -3,  -3,  93,  -3,  -3
 528,     1,  -4,  -4,  -4,  -8,  -4,  -4, -12,  88, -16
 529,     0, -10, -30, -18, -30, -10, -10, -10, -10, -10
 530,     1,  73, -27,  -7,  -7,  -7,  -7,  -7,  -7, -35
 531,     1,  -9, -21, -21,  67, -21,  -9, -41, -41,  -9
 532,     1, -20, -16,  -8,  -8,  -8,  76, -32, -28, -32
 533,     1,  -2,  -2,  -2,  -2,  90,  -2,  -2,  -2,  -2
 534,     1, -38, -10,  62, -10, -26, -18, -10, -10, -10
 535,     1,  87,  -5,  -5,  -5,  -5,  -5,  -5,  -9, -13
 536,     1,  -4, -12,  92,  -8,  -4,  -4,  -4,  -4,  -4
 537,     1,  -9,  -9, -41, -13,  79,  -9, -41, -29, -29
 538,     1,  -6, -30, -26,  -6,  -6,  86,  -6,  -6,  -6
 539,     1,  67,  -9, -25,  -9,  -9, -37,  -9, -41, -41
 540,     1,  -4,  -4, -20,  88,  -4,  -4,  -4,  -4, -20
 541,     1,  -5,  83,  -9,  -5,  -5,  -5, -25, -21,  -9
 542,     1,  -9,  -9,  -9, -13, -29,  -9,  71, -41,  -9
 543,     1,  -7,  -3,  -3, -15,  -3,  -3,  -3,  -3,  85
 544,     1,  79, -41,  -9,  -9, -41,  -9,  -9, -41,  -9
 545,     1,  -6,  -6,  -6, -22, -14,  -6,  70,  -6,  -6
 546,     1,  80, -16, -12,  -4,  -8,  -4,  -4,  -4, -12
 547,     1,  90,  -2,  -2,  -2,  -2,  -2,  -2,  -2,  -2
 548,     1, -22, -10, -10, -10, -42, -10, -14,  58, -42
 549,     1, -34, -42,  66, -10, -26, -10, -18, -10, -42
 550,     1,  94,  -2,  -2, -10,  -2,  -2,  -2,  -2,  -2
 551,     1,  89,  -3,  -3, -11,  -3,  -3,  -3,  -3,  -3
 552,     1, -40,  60, -12, -32,  -8,  -8,  -8,  -8,  -8
 553,     0, -11, -43, -23, -23, -43, -35, -11, -11, -11
 554,     1,  89,  -3,  -7,  -3,  -3,  -3,  -7,  -3,  -3
 555,     1, -12,  -4, -12,  -4, -16,  -4,  -4,  -4,  92
 556,     1,  -4,  -4,  92,  -4,  -4, -16, -12, -16,  -4
 557,     0, -46, -26, -22, -10, -10, -10, -26, -10, -30
 558,     1, -14,  -6, -22, -18, -30, -14,  78,  -6,  -6
 559,     1, -41,  -9, -41,  67, -29,  -9,  -9,  -9, -37
 560,     1,  63, -41,  -9, -41,  -9, -33,  67,  59,  -9
 561,     1,  -5,  -5,  91, -21,  -5,  -5, -17,  -5,  -9
 562,     1,  -4,  84,  -4,  -4, -20, -16,  -4, -16,  -4
 563,     1,  -6,  -6, -10, -30, -14,  82, -22,  -6,  -6
 564,     1,  -5, -13,  83,  -5,  -5,  -5,  -5, -25, -13
 565,     1, -11, -11, -11,  -7,  -7, -19,  73,  -7,  -7
 566,     1,  -7,  81,  -7, -11,  -7,  -7, -27,  -7, -15
 567,     1, -17,  -9, -33,  63,  -9,  -9, -25, -25, -41
 568,     0, -11, -11, -43, -11, -43, -43, -15, -39, -23
 569,     1,  -2,  -2,  -6,  -6,  94,  -2,  -2,  -2,  -2
 570,     1,  59, -41, -41,  -9, -25, -33,  -9, -13,  -9
 571,     1,  -4,  -4, -12,  -4,  -8,  84,  -4,  -4,  -4
 572,     1,  -8, -24,  -8,  76, -24,  -8,  -8, -12,  -8
 573,     1,  -9, -25,  -9,  -9, -41,  67,  -9, -17,  -9
 574,     1, -10, -10, -10, -10,  62, -10, -38, -10, -10
 575,     1, -22,  86,  -6,  -6,  -6,  -6,  -6,  -6,  -6
 576,     1,  -7,  -7,  -7,  65, -23, -27, -15,  -7,  -7
 577,     1,  -8,  80, -32, -24, -20,  84, -20, -24,  -8
 578,     1,  -6,  -6,  -6,  -6,  90, -22, -22, -18, -26
 579,     1,  -7,  -7, -15,  -7,  -7,  -7,  -7, -15,  89
 580,     0, -10, -10, -10, -10, -10, -10, -10, -10, -10
 581,     1,  -4, -16,  -4,  -4, -20,  -4,  -4,  -4,  92
 582,     1, -31,  -7, -19, -19,  -7, -27, -31,  69,  -7
 583,     1,  -9,  71,  -9,  -9, -33,  -9,  -9,  -9,  -9
 584,     1,  -9,  67, -41,  -9, -21,  -9,  -9, -33, -33
 585,     1, -40, -28,  -8, -32,  -8,  -8,  -8,  -8,  68
 586,     1,  -6,  -6,  -6,  -6,  -6,  -6,  -6,  86,  -6
 587,     1,  -8,  -8, -32,  68,  -8,  -8,  -8, -24, -32
 588,     1, -11,  -3,  -7,  -3,  -3,  -3,  93,  -3, -11
 589,     1, -22, -18,  -6,  90,  -6, -18,  -6, -22,  -6
 590,     1, -20, -20,  -4, -12,  -4,  -4,  88,  -8,  -4
 591,     1,  -2,  -2,  -2,  94,  -2,  -2,  -2,  -2,  -2
 592,     0, -47, -23, -27, -11, -23, -39, -11, -47, -43
 593,     1,  -7,  -7, -27,  65, -23,  -7, -15,  -7, -27
 594,     1,  -8,  -8, -32,  60, -32,  -8,  -8, -40, -12
 595,     1,  83,  -9, -21, -13, -41, -37,  -9,  -9,  -9
 596,     1, -12,  72, -32, -32,  -8, -32,  -8, -40,  -8
 597,     1,  -6,  -6,  -6,  -6,  -6, -18,  86,  -6,  -6
 598,     1,  -9,  67, -25,  -9,  -9,  -9,  -9,  -9,  -9
 599,     1,  86,  -6,  -6,  -6,  -6, -22, -10,  -6,  -6
 600,     1, -10, -22,  -6,  -6,  -6,  -6,  74,  -6,  -6
 601,     1,  -7,  -7,  -7,  -7, -27, -19,  -7,  77,  -7
 602,     1,  71,  -9,  -9, -33,  -9, -17, -25,  -9, -37
 603,     1, -10,  62, -42, -30, -10, -46, -42, -42, -14
 604,     1, -42, -38, -10, -10,  66, -10, -22, -10, -38
 605,     1, -22,  -6,  74, -10, -26,  -6,  -6,  -6, -26
 606,     1, -42, -42, -26, -10, -10,  66, -10, -42, -34
 607,     1,  -4, -12,  -4,  -4,  -4,  88,  -4,  -4, -12
 608,     0, -11, -11, -11, -39, -43, -43, -43, -11, -27
 609,     1, -32,  -8,  76, -16, -12, -32,  -8, -36,  -8
 610,     1,  -6,  -6,  82,  -6,  -6,  -6, -18, -22,  -6
 611,     1,  71,  -9,  -9, -33, -37, -41, -21, -37, -25
 612,     1,  -4,  -4,  -4,  -4,  88,  -4, -16,  -4,  -4
 613,     1,  72,  -8, -28,  -8,  -8, -28, -20, -36,  -8
 614,     0, -11, -11, -31, -15, -31, -51, -39, -11, -11
 615,     1,  -7, -31,  -7, -23, -23,  73, -35,  -7,  -7
 616,     1,  70,  -6,  -6,  -6,  -6, -22,  -6,  -6, -22
 617,     1,  -7,  -7,  -7, -27,  -7,  65, -27, -27,  -7
 618,     1, -35, -15, -11, -11, -35,  53, -51, -11, -35
 619,     1, -17, -41,  63,  -9,  -9, -33, -25, -17,  -9
 620,     1,  -3,  -3,  -3,  -7, -11,  -3, -11,  -3,  85
 621,     0, -11, -35, -11, -11, -11, -11, -19, -11, -27
 622,     1,  -6,  82,  -6, -10,  -6,  -6, -30, -14, -10
 623,     1, -26,  82, -30,  -6, -30,  -6,  -6,  -6,  -6
 624,     1,  -8, -36,  -8,  -8,  -8,  -8,  -8, -32,  72
 625,     1,  -3,  -3,  -3, -15,  89,  -3,  -3,  -3,  -7
 626,     1,  -6, -22, -26,  -6,  86,  -6,  -6,  -6,  -6
 627,     1,  -3,  -3,  -3,  -3,  -3,  -3,  -3,  93,  -3
 628,     1,  66, -10, -14, -10, -22, -34, -10, -30,  70
 629,     1, -20, -12,  -8, -20,  92,  -4,  -8,  -4,  -4
 630,     1, -28, -28,  -8,  60,  -8,  -8, -12,  -8,  -8
 631,     1,  -7,  -7, -27, -23,  -7, -23,  -7,  85, -27
 632,     1,  -8, -24,  60, -36,  -8, -36, -24, -28,  -8
 633,     1,  -6,  -2,  -2,  -2, -10,  -2,  -2,  -2,  94
 634,     1,  -9,  -5, -21,  -5, -21,  87,  -5,  -5,  -5
 635,     1,  -8, -28,  -8,  -8,  -8,  -8,  88,  -8, -20
 636,     1, -38, -14, -42, -42, -10, -10, -10,  66, -34
 637,     1,  -5,  -9,  -5,  -5,  -9,  83,  -5, -25,  -5
 638,     1,  -6, -10,  -6, -10, -10, -22,  78, -22,  -6
 639,     1,  -3,  -3,  -3,  -7,  -3,  89,  -3,  -3,  -3
 640,     1, -30,  -6, -26,  90,  -6, -18,  -6, -10,  -6
 641,     1,  -4, -16,  80,  -8,  -8,  -8,  -4,  -4, -20
 642,     1,  -7, -27, -11, -11,  -7,  -7,  65, -11, -23
 643,     1,  -7,  -7,  -7,  -7, -15, -27, -19, -27,  81
 644,     1,  -6, -22,  -6,  -6, -14,  74,  -6, -30,  -6
 645,     1,  -6, -10,  86,  -6, -26, -18, -14, -18,  -6
 646,     1,  -7,  -7,  -7,  -7, -11,  -7,  -7, -23,  81
 647,     1, -10, -10, -30,  54, -10, -10, -42, -30, -22
 648,     1,  78, -10,  -6, -26, -22,  -6, -22,  -6,  -6
 649,     1,  70, -34, -10, -18, -42, -10, -10, -18, -10
 650,     0, -23, -43, -43, -19, -43, -11, -35, -23, -39
 651,     1, -30, -14,  -6, -18,  -6, -26,  86, -18, -26
 652,     1,  -4,  -8,  -4,  -4,  88, -16,  -4,  -4,  -4
 653,     1,  -8,  -8,  -8,  72,  -8,  -8,  -8,  -8,  -8
 654,     1,  85, -15,  -7, -27,  -7,  -7, -27, -23,  -7
 655,     1,  -5,  -9,  79, -17, -21,  -5, -21,  -5,  -5
 656,     1, -29, -25,  63, -41, -25,  -9,  -9,  -9,  -9
 657,     1,  -7,  69,  -7, -15, -31,  -7,  -7,  -7,  -7
 658,     1,  -2, -10,  -2,  -2,  90,  -2,  -2, -10,  -2
 659,     1, -21, -17,  -9,  67,  -9,  -9, -29, -33, -21
 660,     1, -41,  -9,  -9,  -9, -41, -17,  83, -25, -37
 661,     0, -11, -27, -11, -43, -11, -39, -43, -43, -11
 662,     1, -18, -42, -14, -10, -18, -10, -14, -10,  54
 663,     1,  -5,  -9,  -5,  -5,  -5,  -5,  -5,  83,  -5
 664,     1,  86,  -6,  -6,  -6,  -6,  -6, -10, -14, -14
 665,     1, -14,  -6,  -6,  90,  -6, -26, -18, -14,  -6
 666,     1,  -5,  -5,  -5, -13, -21, -13,  91,  -9,  -5
 667,     1,  -7,  -7, -27,  -7,  69,  -7, -27, -31,  -7
 668,     1,  -8, -36,  -8,  -8, -20,  -8,  -8,  -8,  88
 669,     1,  -9,  -9,  -9,  -9,  -9,  -9, -21, -13,  59
 670,     1, -32,  -8,  -8,  -8,  72,  -8,  -8, -36, -36
 671,     0, -10, -10, -10, -10, -34, -10, -10, -10, -30
 672,     1,  89,  -3,  -3,  -3,  -3,  -3,  -7,  -3,  -3
 673,     1, -30, -10, -10, -18, -10,  66, -38, -14, -14
 674,     1,  -8,  60,  -8, -20, -20, -12,  -8,  -8, -32
 675,     1,  -3,  93,  -7,  -3,  -3,  -3,  -3,  -3, -11
 676,     0, -43, -27, -11, -43, -19, -11, -27, -11, -11
 677,     1,  -6,  -6,  74,  -6,  -6,  -6,  -6, -14,  -6
 678,     1,  -4,  -4,  84, -20,  -4,  -8,  -4,  -4, -16
 679,     1,  -3,  -3,  -3,  -3,  89, -11,  -3,  -3,  -7
 680,     1,  -5,  -5,  -5,  -9,  -9,  -5,  -5,  -5,  83
 681,     1,  -4,  -4,  -4,  -4,  84,  -4,  -4,  -8,  -8
 682,     1,  -5,  -5, -21,  87,  -5, -13,  -5, -21,  -5
 683,     1, -33,  -9, -41, -17, -13, -21,  59, -37,  -9
 684,     1,  -9,  -9, -21, -29, -17, -25, -41,  71, -21
 685,     1, -21,  -5, -17,  -5, -25,  79,  -5,  -5,  -5
 686,     1, -14, -18,  90, -10,  -6,  -6,  -6,  -6,  -6
 687,     1,  -6,  -6,  86,  -6, -26,  -6,  -6,  -6,  -6
 688,     0, -11, -39, -27, -11, -31, -11, -31, -11, -43
 689,     1, -26,  86, -26, -22,  -6,  -6,  -6,  -6,  -6
 690,     1,  -9,  -9, -41,  -9, -41,  -9,  75,  -9,  -9
 691,     1,  -7,  -7, -15, -11,  77,  -7, -19, -15, -11
 692,     1,  -4,  -4,  -4,  -4,  -4,  -4, -20,  84,  -4
 693,     1,  -8, -20,  80,  -8,  -8,  -8, -40, -40,  -8
 694,     1,  -5, -13,  -5,  -5,  83, -17,  -5,  -5,  -5
 695,     1, -10, -10, -26, -10, -10,  58, -10, -10, -42
 696,     1,  58, -10, -26, -26, -42, -10, -10, -14, -34
 697,     1,  -6, -26,  -6, -26,  -6,  -6,  -6,  82,  -6
 698,     1,  -8, -12,  -8,  -8, -12,  -8,  68,  -8,  -8
 699,     1,  76, -12, -36,  -8, -16,  -8, -20,  -8, -24
 700,     1,  -9,  67,  -9, -33, -13,  -9, -41, -25, -41
 701,     1,  -4,  -4,  -4,  -4,  84,  -4,  -4,  -4, -20
 702,     1, -12,  -4, -16,  -4,  88,  -4,  -4,  -8,  -4
 703,     1, -36,  -8,  -8,  -8, -36,  -8,  -8, -12,  76
 704,     1,  -9, -37, -17,  71,  -9, -17, -13,  -9,  -9
 705,     1,  -6, -26,  82,  -6,  -6,  -6, -18,  -6, -10
 706,     1,  77,  -7,  -7, -11,  -7, -27, -23,  -7, -23
 707,     1, -42, -30, -26, -10, -10,  54, -38, -10, -18
 708,     1,  -5,  -9,  -5,  83,  -5,  -5,  -5,  -5,  -5
 709,     1,  -3,  89,  -3,  -3,  -7,  -3, -11, -11,  -3
 710,     1,  -9,  -9,  -9, -21, -13, -33,  71, -29, -41
 711,     1,  -8, -32, -36,  -8, -24,  -8,  80,  -8,  -8
 712,     1,  -3,  -7, -11,  -3, -15,  -7,  -3,  93,  -3
 713,     1,  -3,  93, -11,  -3, -15,  -3,  -7,  -3,  -3
 714,     1,  -4,  84,  -4,  -4,  -4,  -4,  -4, -16, -20
 715,     0, -11, -31, -43, -47, -11, -15, -11, -11, -35
 716,     1,  -4, -16,  88,  -4,  -4,  -4,  -4,  -4,  -4
 717,     1,  -5,  -5,  -5,  -5,  -5,  -5, -21,  -5,  79
 718,     1, -25, -25,  -9, -17, -37,  -9,  -9,  63, -37
 719,     0, -43, -27, -31, -11, -15, -27, -11, -31, -27
 720,     1,  -6,  -6, -18,  -6,  82, -26, -30,  -6,  -6
 721,     1, -32, -12, -24,  68,  -8, -20, -12, -32,  -8
 722,     1,  -7, -11,  81,  -7,  -7, -31, -27,  -7,  -7
 723,     1,  -7, -11, -27,  -7, -23,  85,  -7,  -7, -15
 724,     1,  -7,  -3,  85,  -3,  -3,  -3,  -7,  -7,  -3
 725,     1, -41, -41,  63, -29,  -9,  -9,  -9, -25,  -9
 726,     1, -17, -21,  -5,  79,  -5,  -9, -21, -25, -17
 727,     1,  -8,  -8, -32,  -8,  -8,  -8,  72, -36,  -8
 728,     0, -11, -11, -43, -23, -11, -27, -11, -11, -43
 729,     1, -21,  -9,  -9,  -9, -25, -29, -21,  59, -17
 730,     1,  -3,  -3,  89,  -3,  -3,  -3,  -3,  -3,  -3
 731,     1,  -7,  -7,  -7,  81,  -7, -35,  -7,  -7, -19
 732,     1,  -2,  -2,  -2,  -2,  -2,  -2,  -2,  -2,  94
 733,     1,  -9, -25, -37,  -9, -17,  75,  -9, -37,  -9
 734,     0, -31, -43, -39, -19, -15, -11, -11, -51, -27
 735,     1,  -3,  -3,  -3,  -3,  93,  -3,  -3, -15,  -3
 736,     1,  -6, -26, -10,  82, -10, -30,  -6, -26,  -6
 737,     1,  49, -43, -11, -11, -11, -11, -11, -23, -11
 738,     1,  63, -21, -17, -25,  -9,  -9, -21,  -9,  -9
 739,     1,  -6,  -6,  90, -18,  -6,  70, -18,  -6, -18
 740,     1,  -4, -20,  -8,  88, -16,  -4,  -4,  -4,  -4
 741,     1,  -4, -16, -12,  -4,  -4,  -4, -16,  -4,  92
 742,     1,  -9, -29,  -9,  -9, -37, -37,  -9,  67, -33
 743,     1,  -8,  -4,  -4, -20,  -4,  -4,  -4,  -8,  92
 744,     1,  -6,  90,  -6,  -6, -26, -18,  -6,  -6,  -6
 745,     1,  -6,  -6,  -6,  -6, -30, -22,  -6, -18,  78
 746,     0, -23, -35, -11, -35, -27, -15, -11, -11, -31
 747,     1, -13,  -5, -17,  -5,  -5,  -5, -17,  -5,  83
 748,     1, -15,  -3,  -3, -11,  89,  -3,  -3,  -3,  -3
 749,     0, -35, -11, -35, -35, -11, -27, -15, -43, -31
 750,     1,  -9,  67, -37,  -9,  -9,  -9,  -9,  -9, -13
 751,     0, -18, -26, -10, -14, -10, -10, -26, -10, -42
 752,     1,  68, -16,  -8, -28, -36,  -8,  -8,  -8, -24
 753,     1,  -6,  70,  -6, -22, -22,  -6, -14, -26,  -6
 754,     1,  -7,  81,  -7,  -7, -23,  -7,  -7, -19,  -7
 755,     1, -24,  -8, -24,  -8,  -8, -28, -16,  76,  -8
 756,     1, -10, -10, -30, -42, -42, -10,  62, -34, -14
 757,     1,  73, -23,  -7, -11,  -7,  -7, -19, -19,  -7
 758,     1, -10, -10,  86,  -6,  -6,  -6, -10,  -6,  -6
 759,     1, -36, -32,  80, -32,  -8, -24,  -8,  -8, -24
 760,     1,  -5,  -5,  -5, -21,  -5,  83,  -5,  -5,  -5
 761,     1,  -9,  -9,  71, -25,  -9, -13,  -9, -25, -41
 762,     1,  73,  -7, -27,  -7, -35,  -7,  -7, -23,  -7
 763,     1,  -4,  -4,  -4,  80,  -4,  -4,  -4,  -8,  -4
 764,     1, -17,  -5,  79,  -9,  -5,  -5,  -5,  -5,  -5
 765,     1,  85,  -7,  -3,  -7,  -3,  -3,  -3,  -7,  -3
 766,     1,  82,  -6,  -6, -18,  -6,  -6,  -6,  -6,  -6
 767,     1,  87,  -9,  -9,  -9,  -9, -33,  -9, -21,  -9
 768,     1, -30,  82,  -6,  -6, -22, -10,  -6, -14, -26
 769,     1, -16,  84,  -4, -16, -20,  -4,  -4, -16, -12
 770,     1,  -5,  -5,  -5,  -5,  83, -25,  87,  -9,  -5
 771,     1,  -4, -16,  -4, -20,  -8,  -8,  92,  -4,  -8
 772,     1, -28, -32, -16,  -8,  72,  -8, -12,  -8,  -8
 773,     1, -17,  79,  -9,  -9,  -9,  -9, -25,  -9, -13
 774,     1,  -7,  -7,  89,  -7,  -7,  -7, -15,  -7, -19
 775,     1,  70, -42, -10, -10, -10,  54, -10, -42, -10
 776,     1,  67,  -9,  -9, -37, -41, -13,  -9, -25,  -9
 777,     1,  -8,  -4,  -4,  -4,  -4,  92,  -4,  -4,  -4
 778,     1, -15,  -3,  -3,  -3,  93,  -3,  -3,  -3,  -3
 779,     0, -30, -10, -10, -10, -10, -10, -10, -10, -38
 780,     1, -22,  -6,  -6, -26,  -6, -18,  -6,  -6,  90
 781,     1, -10,  -6, -10,  -6,  78,  -6,  -6,  -6, -18
 782,     1,  -4,  -4,  -8,  -4,  -4,  -4,  -4,  92,  -4
 783,     1,  -7,  69,  -7,  -7, -23,  -7, -23, -11,  -7
 784,     1,  -9, -41, -41, -13,  -9, -17,  -9,  -9,  67
 785,     0, -23, -19, -11, -11, -39, -43, -11, -11, -27
 786,     1,  -7, -35, -27,  -7,  69,  -7,  -7,  -7,  -7
 787,     1,  -6,  78, -22, -10,  -6, -22,  -6,  -6, -22
 788,     1,  -4,  -4,  84,  -4,  -4,  -4,  -4,  -4,  -4
 789,     1,  -9,  -9,  -9,  67,  -9,  -9, -17, -21,  -9
 790,     1,  84,  -4,  -4, -16,  -4,  -4,  -4, -16,  -4
 791,     1,  -3,  -3,  -3,  -3,  -3,  -7,  93, -11, -11
 792,     1,  -9,  63, -29,  -9,  -9,  -9,  -9, -37,  -9
 793,     1, -34, -10, -10,  54, -10, -10, -10, -10, -30
 794,     1,  -2,  -2,  -2,  -2,  -2, -10,  90,  -2,  -2
 795,     1,  -3,  -7,  -3,  89,  -3,  -3,  -3, -11,  -3
 796,     1,  73,  -7,  -7,  -7, -19,  -7,  -7,  -7,  -7
 797,     1, -14,  -6, -18,  -6,  -6,  70,  -6,  -6,  -6
 798,     1,  -3,  -3,  -7,  -3,  -3,  93,  -3,  -3,  -3
 799,     1, -18, -10, -22, -26, -18,  70, -26, -26,  -6
 800,     1,  -3,  -3,  85,  -3,  -3,  -3, -15, -11,  -3
 801,     0, -31, -11, -27, -11, -23, -11, -11, -11, -27
 802,     1, -18,  -6, -18,  -6,  -6,  -6,  -6,  86,  -6
 803,     1,  74,  -6,  -6, -26,  -6,  -6,  -6,  -6, -26
 804,     1, -10,  66, -10, -38, -46, -42, -14, -18, -42
 805,     1,  -9,  -5, -21,  87,  -5,  -5,  -5,  -5,  -5
 806,     1,  -9, -41, -29,  -9, -13,  -9,  -9,  59,  -9
 807,     1,  87,  -5,  -5,  -5,  -5,  -5,  -5,  -5,  -5
 808,     1,  -7,  -7, -27, -27,  -7, -27,  81,  -7, -15
 809,     1, -41,  -9,  59,  -9,  -9,  -9, -33, -41, -37
 810,     1,  -8,  -8,  -8, -32,  68,  -8,  -8,  -8, -16
 811,     1,  -9,  -9,  -9, -33, -41,  -9, -41,  67,  -9
 812,     1, -20,  -4, -16,  -4,  -4,  -4,  -4,  -4,  92
 813,     1,  -6, -26,  78,  -6, -22, -14, -26, -14,  -6
 814,     1,  -6,  -6,  -6, -30,  90, -22,  -6, -26,  -6
 815,     1,  -6, -10,  -6, -10,  78,  -6,  -6,  -6,  -6
 816,     1, -11, -27,  -7,  65,  -7,  -7,  -7, -31, -27
 817,     1,  -6,  82,  -6,  -6,  -6, -18, -18,  -6, -18
 818,     0, -30, -14, -10, -34, -46, -10, -10, -42, -14
 819,     1, -10, -10, -34, -14, -30, -10,  66, -10, -10
 820,     1,  -3,  89,  -3,  -3,  -7,  -3,  -3,  -3,  -3
 821,     1,  -8, -16,  -8,  -8,  68,  -8, -28, -28,  -8
 822,     1,  67,  83,  -9, -29, -17,  -9,  -9,  -9, -33
 823,     0, -19, -15, -11, -11, -11, -19, -11, -15, -11
 824,     0, -11, -11, -43, -27, -31, -47, -11, -15, -43
 825,     1, -21,  83,  -5,  -5,  -5,  -5, -17,  -5, -13
 826,     1, -12,  -8,  -8, -28,  -8, -36,  -8,  -8,  68
 827,     1,  -9, -33,  -9,  -9, -37,  -9, -21,  -9,  75
 828,     1, -18,  -6,  -6,  82, -18,  -6, -14,  -6,  -6
 829,     1, -25, -29,  -9,  -9,  59, -25, -37,  -9,  -9
 830,     1,  -7, -11,  -7,  -7,  -7,  81,  -7, -19, -11
 831,     0, -11, -11, -43, -43, -11, -11, -11, -31, -35
 832,     1, -33,  -9,  -9,  -9,  67, -21,  -9, -37, -29
 833,     1,  -7,  -7,  -7,  69, -27,  -7,  -7, -15, -19
 834,     1, -21,  79,  -5,  -5,  -5,  -5,  -9,  -5, -13
 835,     0, -43, -19, -11, -11, -11, -15, -11, -11, -39
 836,     1, -27, -23,  -7, -27, -11, -35,  -7, -31,  77
 837,     1,  -8, -32,  -8, -16,  -8, -24, -20,  -8,  72
 838,     1,  -9, -21, -13, -41,  -9, -41,  -9,  79,  -9
 839,     1,  -7, -15,  69,  -7, -11, -27,  -7, -19,  -7
 840,     1, -10, -10, -42,  58, -10, -38, -26, -10, -10
 841,     1,  -7, -19,  -7,  77, -11,  -7,  -7, -23,  -7
 842,     1,  62, -10, -10, -10, -10, -34, -10, -38, -34
 843,     1,  -5,  -5,  -5,  -5,  -5,  83,  -5,  -5, -17
 844,     1,  71,  -9, -13, -33,  -9,  -9,  -9,  -9,  -9
 845,     1, -30,  -6, -10,  -6,  78,  -6,  -6,  -6, -14
 846,     1,  -6, -18,  74,  -6, -10, -14,  -6, -10, -18
 847,     1, -10,  -6,  82,  -6,  -6,  -6,  -6,  -6, -26
 848,     1,  -8, -12,  -8,  -8, -40, -28,  60,  -8, -20
 849,     1, -36, -36,  -8,  84,  -8,  -8, -36, -28, -12
 850,     1,  -2,  -2,  -2,  -2,  -2,  -2,  90, -10,  -2
 851,     1,  -4,  -8,  88,  -4,  -4,  -4,  -4,  -4, -16
 852,     1,  -5,  -5,  -5,  -5,  -5,  -5,  -5,  83,  -9
 853,     1, -17,  -9,  79, -25,  -9,  -9, -21, -41,  -9
 854,     1, -17,  -5,  -5, -17,  -5, -13, -17, -21,  83
 855,     1,  -9, -21,  -9,  -9,  -9,  -9,  67,  -9,  -9
 856,     1,  -4,  -4,  -4, -20,  84,  -4,  -4, -16,  -8
 857,     1, -25,  -9,  71,  -9, -21, -17,  -9,  -9, -17
 858,     1,  -5, -21,  -5,  91,  -9,  -5,  -5, -21, -21
 859,     1,  -2,  94,  -6,  -2,  -6,  -2,  -2,  -2,  -2
 860,     1, -37,  -9, -41,  -9,  67,  -9, -17,  -9, -41
 861,     1,  83,  -5,  -5,  -5, -21, -25,  -5,  -5, -13
 862,     1,  -7, -19,  -7,  -7, -19,  -7,  -7,  89,  -7
 863,     1,  -6, -22, -14, -10,  -6,  -6,  -6,  78,  -6
 864,     1,  -7,  -7, -31,  -7,  -7,  65, -23, -15, -15
 865,     1,  -3,  -3,  -3,  -3,  -3,  -3, -15, -11,  93
 866,     1, -12,  -4,  -4,  -4,  -4,  84,  -4,  -4,  -4
 867,     1,  -5,  -5,  -5,  -5,  -5,  -5,  83,  -5, -17
 868,     1,  -8,  -4,  -4, -16, -12,  84, -16, -16,  -4
 869,     1,  -9, -33,  -9,  -9,  -9,  59, -29, -41, -33
 870,     1, -20, -20,  84, -32,  -8,  -8,  -8,  -8,  -8
 871,     1, -42,  70, -26, -26, -14, -38, -10, -10, -10
 872,     1,  -7,  -7, -27, -11, -15,  -7,  -7,  73,  -7
 873,     1,  94,  -2,  -2,  -2,  -2,  -2,  -6,  -2,  -2
 874,     1,  -4,  -4,  84,  -4, -16, -12,  -4,  -4,  -4
 875,     1,  -6,  -6, -18, -22,  -6,  -6,  70, -26, -10
 876,     1, -11,  -7,  -7, -35, -31, -35,  81,  -7, -27
 877,     1,  -9,  -9, -37,  -9,  -9,  63,  -9,  -9, -41
 878,     1,  -7,  -7,  73, -27,  -7,  -7, -15,  -7,  -7
 879,     1,  84,  -4,  -4, -20,  -4,  -4,  -4,  -8, -16
 880,     1,  92, -16,  -4,  -4,  -4,  -4,  -8,  -4,  -4
 881,     1, -10, -22,  -6, -22,  -6,  -6,  78,  -6, -30
 882,     0, -31, -35, -11, -11, -11, -15, -11, -43, -31
 883,     1,  -7,  -7,  -7, -27, -23,  81,  -7,  -7,  -7
 884,     1,  -8,  -8, -32, -32,  -8, -12,  -8,  -8,  60
 885,     1,  -7,  -7,  -7, -23, -15,  -7,  -7,  -7,  69
 886,     1, -15, -11,  -7, -19, -11,  -7, -11,  81, -31
 887,     1,  -9,  -9,  -9,  -9, -13,  -9,  -9, -33,  59
 888,     1, -41,  -9,  -9, -17, -37,  -9,  71, -13, -29
 889,     1, -12,  -8,  -8, -36, -20,  -8, -12,  64,  -8
 890,     1,  -6,  -2,  -2,  -2,  -2,  -6,  90,  -2,  -2
 891,     1,  -4,  -4,  -4,  -4, -16, -20,  -4,  88, -12
 892,     1,  -6, -10, -22, -22, -14, -14, -22,  86,  -6
 893,     1,  -5,  -5,  -5,  -5,  -5,  -5,  -5,  91,  -5
 894,     1,  -7,  -7,  -7, -19, -19,  -7,  -7,  77, -19
 895,     1, -12, -16,  -4,  -4,  92,  -4,  -4, -12,  -4
 896,     1,  90,  -6, -18, -26, -22,  -6,  -6,  -6,  -6
 897,     1, -31, -35,  -7,  -7,  -7, -35,  -7, -27,  69
 898,     1,  -9, -41,  -9,  -9, -33,  67, -41,  -9, -13
 899,     1,  -9, -41,  -9, -41,  -9, -41, -29,  67,  -9
 900,     1,  -4,  -4,  -4,  -4,  92,  -4, -20,  -4,  -8
 901,     1, -17, -13,  -9, -37,  71, -13,  -9,  -9,  -9
 902,     1,  -6, -14,  -6, -26,  -6, -10, -10,  -6,  86
 903,     1, -20,  -4, -16,  -4,  -4,  -4, -20,  -4,  84
 904,     1,  -4,  -4,  -8,  -4,  -4,  92,  -4, -16, -12
 905,     1,  -4,  -4,  -4,  -4,  -4,  92,  -4,  84,  -4
 906,     1,  49, -11, -43, -43, -31, -31, -43, -11, -11
 907,     1, -10, -30, -22,  -6,  -6,  -6, -26,  -6,  90
 908,     1, -11,  -7,  -7, -31,  -7,  -7,  -7,  -7,  89
 909,     1,  -5, -17,  -5,  -5,  79, -13,  -5,  -9,  -5
 910,     1,  -8,  -8, -32, -20,  -8, -24, -24,  72, -16
 911,     1,  -7,  -7, -27,  -7,  -7,  -7,  73, -11,  -7
 912,     1,  -2,  -2,  -2,  -2,  -2,  -2,  -6,  -6,  94
 913,     1,  -5,  -5,  -5, -17,  79,  -5,  -5, -13, -17
 914,     1, -15,  -3,  -3,  -3,  -3,  -3,  89,  -3,  -3
 915,     1, -18, -14, -10,  58, -10, -18, -10, -26, -10
 916,     0, -11, -11, -11, -43, -11, -15, -11, -11, -11
 917,     0, -11, -15, -11, -15, -43, -23, -15, -11, -23
 918,     1,  -4,  -4, -12,  -4,  -4,  -4,  -4, -12,  84
 919,     1,  -5, -17,  -5,  -5, -21,  -9,  83,  -5,  -5
 920,     1, -26, -10, -26, -10, -42, -34, -10, -10,  54
 921,     1,  -8, -12, -16, -16,  60,  -8,  -8,  -8, -40
 922,     1, -30,  -6, -14,  -6,  90,  -6, -26,  -6,  -6
 923,     1,  -6,  -6, -22,  82,  -6,  -6, -22,  -6, -26
 924,     1,  -8,  68, -36, -20, -12, -28, -40,  -8, -24
 925,     1,  89,  -3, -11,  -3,  -3,  -3,  -3,  -3,  -3
 926,     1,  -9, -29,  -9,  -9, -33,  -9,  -9,  -9,  79
 927,     1,  -7,  -7,  -7,  89,  -7, -19, -23,  -7,  -7
 928,     0, -11, -27, -31, -23, -11, -11, -11, -31, -23
 929,     1,  -5, -25,  -5,  -5, -21,  -5,  -5,  87,  -5
 930,     1,  -9,  -9,  -9,  -9,  -9,  -9, -25,  -9,  75
 931,     1, -17,  -5,  -5,  -5,  83,  -5,  -5, -13,  -5
 932,     1,  -2,  -2,  -2,  -2,  -2,  -2,  -2, -10,  90
 933,     1,  -9,  -9,  -9, -13, -41,  -9, -17,  59, -13
 934,     1,  -4,  80, -16,  -4,  -4,  -4,  -4,  -4,  -4
 935,     1,  -5,  -5,  -5,  -5,  -5,  -5, -13,  83,  -5
 936,     1,  -7,  -7, -15,  65, -15,  -7,  -7,  -7, -15
 937,     1,  -4, -12,  -4,  -4,  -4,  -4, -12,  84,  -4
 938,     0, -11, -39, -11, -11, -35, -11, -11, -11, -43
 939,     1,  -8, -20, -20,  -8,  -8,  64, -20, -32, -24
 940,     1, -17,  -5,  -5, -21,  -5,  83,  -5,  -9, -21
 941,     1, -12,  72, -12, -20,  -8, -24, -12,  -8,  -8
 942,     1, -14,  -6,  -6,  -6, -10,  -6,  90,  -6,  -6
 943,     1,  -6, -22,  -6,  -6,  86, -26,  -6, -14,  -6
 944,     1, -16,  -4, -16,  80,  -4,  -4,  -4,  -4,  -4
 945,     1,  -3,  -3,  -3,  93,  -3,  -3,  -3,  -3,  -3
 946,     1, -15,  -7,  -3,  -3,  -3,  89, -11,  -3,  -3
 947,     1,  -4,  -4,  -4,  -4,  -4,  -4,  -4,  80,  -4
 948,     1,  -2,  -2,  -6,  -6, -10,  94,  -2,  -2,  -2
 949,     1,  71, -37,  -9,  -9, -33, -29,  -9, -13, -41
 950,     1,  -4,  -4,  -4,  -4, -16, -16,  80, -16,  -4
 951,     1,  -2,  -2,  94,  -2,  -2,  -2,  -2,  -2,  -6
 952,     1, -10, -42,  58, -10, -10, -10, -30, -42, -42
 953,     1, -30, -18,  -6,  82, -26,  -6,  -6,  -6, -22
 954,     1, -17,  79,  -9, -21,  -5,  -5,  -5,  -5, -21
 955,     1, -21, -13,  -5,  -5,  -9,  -5, -25,  87,  -5
 956,     1,  -9,  67, -33, -25,  -9,  -9, -13, -13,  -9
 957,     1,  -7,  -7, -11,  77,  -7,  -7,  -7,  -7,  -7
 958,     1,  -4,  -4,  -4,  -4,  -4,  -4,  80,  -4, -12
 959,     1, -11, -27,  -7,  69,  -7, -19,  -7, -27,  -7
 960,     1,  -2,  -2,  -2,  -2,  94,  -2,  -2,  -2,  -2
 961,     1,  -5,  -5,  -5,  87,  -5,  -5,  -5,  -5, -17
 962,     1,  -7,  -3,  -7,  -7,  -3,  93,  -7,  -3,  -3
 963,     0, -11, -11, -15, -11, -19, -47, -15, -11, -11
 964,     1, -18,  -6, -22,  -6, -18, -10,  -6, -10,  78
 965,     1,  -7,  -7,  -7,  -7,  -7,  69, -15, -27,  -7
 966,     1, -26,  -6,  86, -22,  -6,  -6, -26, -30,  -6
 967,     1,  -5,  -5,  83,  -5, -25, -25, -17, -13,  -5
 968,     0, -11, -11, -31, -19, -43, -19, -19, -11, -11
 969,     1,  -9,  71,  -9,  -9,  -9, -33, -41, -41, -37
 970,     1,  -3,  -3,  -3,  -3,  -3,  -7,  -3,  85,  -3
 971,     1,  -6, -22, -18,  74, -30,  -6,  -6,  -6,  -6
 972,     0, -11, -11, -43, -11, -11, -11, -15, -11, -43
 973,     1, -16, -16,  88,  -4,  -4,  -4,  -8,  -4,  -4
 974,     1,  -7,  69, -23,  -7,  -7,  -7, -23,  -7,  69
 975,     1,  -6,  90, -22, -14,  -6,  -6, -14,  -6, -14
 976,     1,  -8, -28, -36,  -8, -28,  -8, -20, -28,  80
 977,     0, -11, -43, -11, -19, -19, -39, -35, -39, -31
 978,     1,  -5, -17,  -5,  -5,  -5,  -5,  87, -17,  -5
 979,     1, -12,  -8, -20,  -8, -32, -36,  -8, -24,  64
 980,     1,  -8,  -4,  -4,  -4,  -4,  -4,  -4, -16,  84
 981,     1,  -7, -35,  73,  -7,  -7,  -7,  -7,  -7, -15
 982,     1,  -6, -22, -30, -22, -22,  -6,  -6,  90, -26
 983,     1, -23, -15,  -7, -23,  -7,  65,  -7, -27, -15
 984,     1,  -7,  -7,  -7, -31,  -7,  -7,  -7,  -7,  81
 985,     1, -11,  -7, -35,  81,  -7, -11, -27,  -7,  -7
 986,     1,  -4,  -4,  -4, -20,  -4,  88,  -4,  -4,  -4
 987,     1,  -6, -14,  -6, -18, -26,  -6,  90, -30, -26
 988,     1,  -6,  -6,  -6,  -6,  90,  -6,  -6,  -6,  -6
 989,     1, -16,  -4,  -4,  -4,  -4,  -4,  -4,  -4,  92
 990,     1,  -9, -21,  -5,  -5,  -5,  -5,  83, -21,  -5
 991,     1,  -6,  -6,  -6,  -6,  -6,  -6,  -6,  78,  -6
 992,     1,  -7,  -7, -31,  -7,  -7, -15, -23,  -7,  77
 993,     1, -11, -11,  -3,  93,  -3,  -3,  -3,  -7,  -3
 994,     1,  -6,  -6,  -6,  -6,  82,  -6, -10, -14, -22
 995,     1,  -6,  -6,  82,  -6,  -6, -18,  -6,  -6,  -6
 996,     1, -18, -34, -10, -10, -10, -10,  54, -10, -10
 997,     1,  -6, -10,  74, -14, -22, -10, -22, -30,  -6
 998,     1,  -9, -29,  -9,  -9,  -9, -37,  -9,  -9,  83
 999,     1,  -5, -25,  -5, -17,  83,  -5,  -5,  -5,  -5
