nExp, valid,  A0,  A1,  A2,  A3,  A4,  A5,  A6,  A7,  A8,  A9,  A10,  A11,  A12,  A13,  A14
   0,     1, -19,  -7,  -7, -11,  77,  -7,  -7, -31,  -7, -31, -35, -27, -11, -31, -27
   1,     1,  -5,  -5,  -5,  -5, -17, -17,  -5,  -5,  -5, -21,  -5,  83,  -9, -21,  -5
   2,     1,  -5,  -5, -25, -25,  -5,  83, -21,  -5,  -5,  -5,  -5,  -5,  -5,  -5, -17
   3,     1, -26, -10, -26, -10, -10,  54, -42, -14, -30, -10, -42, -18, -26, -10, -22
   4,     1,  -4, -12,  -4,  -4,  84,  -4,  -4,  -4,  -4,  -4, -16,  -4,  -4,  -4,  -4
   5,     1, -13, -17,  -5, -13,  -5,  -5, -25,  91,  -5,  -5,  -5, -17,  -9,  -5, -13
   6,     1,  -4,  -4,  -4,  -4,  80,  -4,  -4,  -4,  -4,  -4,  -4,  -4,  -4,  -4, -12
   7,     1,  -4,  -4,  -4, -20, -12,  -4,  80,  -4, -16,  -4, -20, -20,  -4,  -4,  -4
   8,     1,  -3,  -7,  -3,  -3,  89,  -7,  -3,  -3,  -3, -11,  -3,  -3,  -3,  -3, -15
   9,     1,  -4,  -4,  -4,  -4, -20,  -8,  -4, -20,  92,  -4, -16,  -4,  -4,  -4, -16
  10,     1,  -8,  -8,  -8, -16,  -8,  -8,  -8, -32,  -8,  -8,  -8, -16, -32, -40,  76
  11,     1,  78,  -6,  -6,  -6,  -6, -14, -22, -14, -22,  -6,  -6, -26, -30, -22,  -6
  12,     1,  -3, -11,  -3, -11, -11,  -3,  -3,  -3,  89,  -7,  -3,  -3,  -3,  -3,  -3
  13,     1,  -8,  64,  -8,  -8, -24,  -8,  -8, -12, -12,  -8,  -8,  -8, -12, -24,  -8
  14,     1,  -8,  -8,  -8,  -8, -28,  -8,  76,  -8, -24,  -8,  -8, -36, -24,  -8,  -8
  15,     1,  83, -41, -29, -25,  -9, -41, -33, -21,  -9,  -9, -37,  -9,  -9,  -9, -29
  16,     1, -13,  -5,  -5, -17,  -5, -17,  -5,  -5, -25,  91,  -5,  -5, -13,  -5,  -5
  17,     1, -23,  -7,  89, -27,  -7,  -7, -15,  -7, -31,  -7, -23,  -7,  -7,  -7, -15
  18,     1,  -5,  -5,  -5,  -5,  -5,  -5,  -5,  -5,  -5,  -5,  -5,  83,  -5,  -5, -13
  19,     1,  -4,  -4,  84,  -4,  -4,  -4,  -4,  -4,  -4,  -4,  -4,  -4,  -4,  -8,  -4
  20,     1,  -5,  -5,  -5,  -5,  83,  -5,  -5,  -5,  -5, -17,  -5, -21,  -9,  -5,  -5
  21,     1, -10,  -6, -26,  -6,  -6, -10,  -6, -26,  -6,  -6,  70,  -6,  -6, -26,  -6
  22,     1, -25,  -9, -41, -13, -13,  -9, -25, -13,  -9,  -9, -37,  -9, -33,  71,  -9
  23,     1,  -3,  -3,  -3, -11,  93,  -3,  -3,  -3,  -3,  -3,  -3,  -3, -11, -15,  -7
  24,     1,  -9, -13, -13, -21, -33,  -9,  -9, -37,  -9, -13,  -9, -13,  -9,  71,  -9
  25,     1,  -4, -12,  -4,  -4,  -4,  -4,  84,  -4,  -4,  -4,  -4,  -4,  -4,  -4,  -4
  26,     1,  -5, -17,  83,  -5, -25,  -9,  -5, -25,  -5,  -5, -13, -17,  -5,  -5,  -5
  27,     1, -22,  -6,  -6, -14, -26, -10,  74,  -6,  -6,  -6,  -6,  -6, -26, -18,  -6
  28,     1,  -5,  -5,  -5,  -5,  -5,  -5,  -5,  -5, -17,  -5,  -5,  -5, -25,  91,  -5
  29,     1,  81, -15,  -7,  -7,  -7, -11,  -7,  -7,  -7,  -7,  -7, -19, -11,  -7, -27
  30,     1,  -3,  -3, -15,  -3,  -3,  -3, -11,  -7,  -3,  -3,  -3,  -3,  -3,  85,  -3
  31,     1, -16,  -4,  88,  -4,  -8,  -4,  -4,  -4,  -4,  -4,  -4,  -4,  -4,  -4, -12
  32,     1, -35, -27, -23,  -7,  -7,  -7, -15, -27, -23,  -7, -19,  -7, -27, -31,  69
  33,     1,  -6,  -6,  -6, -10, -22,  -6,  -6, -14, -22, -10,  -6,  -6,  -6, -22,  78
  34,     1,  -6, -22, -26,  -6,  -6,  -6,  -6,  -6,  -6,  -6, -10,  86,  -6,  -6,  -6
  35,     1,  -5, -17, -17,  -5,  -5, -17,  -5, -17,  -5,  -5,  -5,  -5,  83,  -9, -17
  36,     1,  -6,  90, -14,  -6,  -6, -10, -30,  -6,  -6,  -6, -10,  -6,  -6,  -6, -14
  37,     1,  -9,  -9, -37, -21, -25, -41, -25, -37,  -9,  71, -13, -21, -29, -37, -33
  38,     1,  -6, -18, -14, -30,  -6,  78,  -6,  -6, -14,  -6,  -6, -26,  -6,  -6, -10
  39,     1,  -3,  -3,  -3,  -3,  -3,  -3,  -3,  -3,  -3, -11,  -3,  -7, -11,  85,  -3
  40,     1,  -8,  -8, -40,  -8,  -8, -16,  -8,  80,  -8,  -8, -36,  -8, -16, -28, -28
  41,     1,  -4,  -4,  -4,  -4,  -8,  84,  -4, -12,  -4,  -4,  -4,  -4,  -4,  -4,  -4
  42,     1,  -4, -16,  -4,  -4,  84,  -4,  -4, -20,  -4, -20,  -4, -12, -20,  -4, -12
  43,     1,  60, -20,  -8,  -8, -24,  -8, -24,  -8, -40,  -8,  -8,  -8, -36, -36, -20
  44,     1,  -5, -17,  -5, -17,  -5, -25,  -5, -25,  87,  -5,  -5, -21,  -5,  -5,  -5
  45,     1,  -7,  -7, -31, -27, -31, -35,  -7, -19,  -7, -23, -35, -23, -27,  -7,  77
  46,     1,  -3,  -3,  -3,  -7,  -3,  -3,  -3,  -3,  85, -15,  -3,  -3,  -3,  -3,  -3
  47,     1, -28,  -8,  -8,  -8,  -8, -12, -40,  -8,  60, -20, -16, -12, -16,  -8,  -8
  48,     1,  -7,  -7, -31,  69,  -7,  -7, -11,  -7, -15, -19,  -7,  -7,  -7, -11,  -7
  49,     1, -31,  -7,  -7, -23,  -7, -35, -31,  -7,  -7,  -7,  -7,  -7,  77,  -7,  -7
  50,     1,  -4,  -4,  -4,  -4,  -4,  -4, -16,  -4,  -4, -20,  -4,  92,  -8,  -4,  -4
  51,     1,  -9,  -9,  -9, -37,  -9, -21, -17,  -9,  75,  -9, -25,  -9, -33,  -9, -13
  52,     1, -27, -35, -15,  -7,  -7,  -7,  89,  -7,  -7,  -7, -27, -23,  -7, -35,  -7
  53,     1,  -5,  -5,  -5,  -5,  -5,  -5,  -5,  -5,  -5, -25, -21, -13,  83,  -5, -13
  54,     1,  -8,  -4,  -4,  -4,  -4,  -4,  -4,  -4,  -4,  -4,  -4,  -4, -20,  92,  -4
  55,     1, -25,  -5,  -5,  -5, -17,  -5,  -5,  -5,  -5,  79,  -5,  -5,  -9,  -5,  -5
  56,     1,  -4,  -4,  -4, -16,  92,  -8,  -4,  -4, -12, -16,  -8,  -4,  -4, -12,  -4
  57,     1, -20,  -4, -20,  -4,  -4,  -4,  -4,  -4,  -4,  80, -12,  -4,  -4,  -8,  -4
  58,     1, -10, -42, -22,  70, -42, -10, -30, -10, -42, -10, -10, -26, -10, -10, -22
  59,     1,  -3,  -3,  -3, -15,  -3,  -3,  -3, -11, -11,  -3,  -3,  -3,  -3,  89,  -3
  60,     1, -33,  -9,  -9,  -9, -21,  -9, -13, -13,  -9,  -9, -29, -37, -25, -17,  59
  61,     1, -18,  -6, -22,  -6, -22,  -6,  -6,  -6,  -6,  -6,  -6,  78, -10,  -6,  -6
  62,     1,  -4,  -4,  -4,  -4,  -4, -12,  -4,  -4,  92,  -4,  -4,  -4,  -4,  -4,  -4
  63,     1,  -9,  -9,  -9,  -9, -41,  -9, -41,  -9,  59, -21, -29, -21,  -9, -33, -37
  64,     1,  -6, -22,  -6, -26, -26,  -6,  78,  -6,  -6, -18,  -6,  -6,  -6, -22,  -6
  65,     1,  -5,  -5,  -5,  -5,  -5,  -5,  -5,  -5,  -5,  79, -13,  -9,  -5,  -5, -21
  66,     1, -31,  -7, -19,  -7,  -7,  -7,  -7,  -7,  -7,  -7, -23,  -7,  89, -35, -15
  67,     1, -31, -19, -23, -27,  -7,  -7, -27,  -7,  -7, -35,  69, -31, -19,  -7,  -7
  68,     1,  84,  -4,  -8,  -4,  -4,  -4,  -4,  -4,  -4,  -4,  -8,  -4,  -4,  -4,  -4
  69,     1,  -9, -13,  -5, -17,  -5, -17,  -5,  -5,  -5,  -5,  -5,  -5,  -5,  -5,  79
  70,     0, -11, -11, -27, -43, -15, -11, -43, -15, -11, -39, -11, -35, -43, -35, -19
  71,     1,  -3,  -3,  89,  -7,  -3,  -3,  -7,  -3, -11,  -3, -15,  -3,  -3,  -3,  -3
  72,     1, -20,  -4,  -4,  -4,  -4,  -4, -12, -12,  -8,  -4,  -4,  -4, -12,  -4,  88
  73,     1,  -5, -13,  -5,  -5,  -5,  -5, -13, -13,  83,  -9,  -5, -21,  -5,  -9,  -5
  74,     1,  -9, -13,  67,  -9,  -9,  -9,  -9, -29,  -9, -37,  -9,  -9,  -9, -17, -41
  75,     1,  -4,  -4, -16,  -8, -12, -12,  88,  -4,  -4,  -4,  -4,  -4,  -4, -20,  -4
  76,     1, -25, -25,  -9, -33,  -9, -25, -37,  -9, -21, -41,  -9,  -9, -37,  59,  -9
  77,     1,  -8,  -4,  -8,  -4,  -4,  88,  -4,  -4,  -8,  -4, -16,  -4, -20,  -4,  -8
  78,     1,  -4,  -4,  -4,  -4,  -4,  -4, -20,  -4,  -4,  88,  -4,  -8,  -8,  -4,  -4
  79,     1,  -7,  -7,  -7, -27, -19,  -7,  -7,  -7, -27,  69,  -7,  -7,  85, -23,  -7
  80,     1,  -4,  -8,  -4,  -4,  -8,  -8,  -4,  -4,  -8,  -4, -16,  -4,  84, -16,  -4
  81,     1,  -8,  -8,  -8,  -8,  -8,  84, -28,  -8, -32,  -8,  -8,  -8,  -8, -16, -36
  82,     1,  89,  -3,  -3,  -3,  -3,  -3,  -7,  -3,  -3,  -3,  -7,  -3,  -3,  -3,  -7
  83,     1, -11,  -7, -31,  -7,  65, -27, -19,  -7, -23, -35,  -7, -15,  -7,  -7,  -7
  84,     1,  -5,  -5, -21, -21,  -5, -17,  -5,  -5,  -5,  -5,  -5, -21,  91, -13,  -5
  85,     1,  -6,  -6,  74,  -6,  -6,  -6,  -6,  -6,  -6, -14,  -6,  -6, -14,  -6,  -6
  86,     1,  -8, -36,  -8, -32, -40,  60, -24, -36, -16,  -8,  -8,  -8,  -8, -12,  -8
  87,     1,  -3,  -7,  -3,  -3,  -3,  -3,  89,  -7,  -3,  -3,  -3,  -3,  -3,  -3,  -3
  88,     1,  92,  -4,  -4,  -4, -16,  -4,  -4,  -4,  -4,  -4,  -4, -12,  -4,  -4, -12
  89,     1, -20,  -4,  -4,  -4,  -4,  -4, -16,  -4,  -4,  -4, -16,  -4,  -4,  80,  -4
  90,     1, -32, -24,  -8, -12,  -8,  -8, -12, -28, -36,  -8,  -8, -40,  -8,  60, -32
  91,     1, -16,  -4, -16,  -4,  -4,  -4,  -4,  92,  -4, -12,  -4,  -4,  -4,  -4,  -4
  92,     1,  -3,  -7,  -3,  -3,  -3,  -3,  -3,  -3,  -3,  93,  -3,  -3,  -3,  -3, -15
  93,     0, -26, -42, -10, -26, -42, -10, -10, -22, -10, -42, -10, -30, -42, -34, -18
  94,     1,  -2,  -2,  -2,  -2,  -6,  -2,  -2,  -2,  -2,  -2, -10,  90,  -2,  -2,  -2
  95,     1,  -6, -18,  -6,  -6,  -6,  -6,  -6,  -6, -26, -26,  -6,  -6,  -6,  78,  -6
  96,     1,  -7,  -7,  -7,  -7,  -7, -15,  -7,  65,  -7,  -7, -27, -31,  -7, -27, -35
  97,     1,  -9,  -5,  -5,  -5, -17,  -5,  -5, -25,  83,  -5,  -5, -25,  -5,  -5,  -5
  98,     1,  -4, -16,  -4, -16, -16,  -4,  -4, -16,  -4,  -4, -20,  -4,  -8, -12,  92
  99,     1, -18, -14,  -6,  -6, -18,  -6, -14,  -6, -14,  -6, -10,  -6,  -6,  78,  -6
 100,     1, -18,  -6,  -6,  -6,  -6,  -6,  -6,  -6, -30,  -6, -26,  -6,  -6,  -6,  86
 101,     1,  -9,  -5,  -5,  -5,  83,  -5,  -5,  -5, -13,  -5, -13,  -5, -25, -13, -21
 102,     1,  -5,  -5,  -5,  -5,  -5,  -5,  -5,  -5,  79,  -5,  -5,  -5,  -5,  -5,  -5
 103,     1, -32,  -8,  -8, -12,  -8, -40, -24,  76, -20,  -8,  -8, -16, -36,  -8,  -8
 104,     1,  -9,  71,  -9, -13, -17,  -9, -33, -41, -29, -17, -13, -29,  -9, -25,  -9
 105,     1,  -6, -10, -10,  -6,  -6,  -6,  -6,  -6,  -6, -10, -10,  -6,  -6,  -6,  82
 106,     1,  -8, -12, -36, -24, -16, -36,  -8, -16,  -8,  -8,  64,  -8,  -8,  -8,  -8
 107,     1,  -5,  -5,  -5,  -5,  -9,  -5,  79,  -5,  -5,  -5,  -5,  -5,  -5,  -5,  -5
 108,     1, -25, -13,  -9, -29,  79,  -9, -41,  -9,  -9, -13,  -9, -25,  -9, -13,  -9
 109,     1, -37,  -9,  63,  -9, -13, -13, -25,  -9,  -9,  -9,  -9, -25, -25, -37,  -9
 110,     1,  -5,  -5,  -5,  -5,  -5,  -5,  -9, -21,  -5,  -5, -25, -13,  91,  -5,  -5
 111,     1,  -6,  -6, -10, -18, -18,  -6,  -6,  -6,  -6,  -6,  -6,  -6,  -6, -10,  90
 112,     1, -18,  -6, -10,  90,  78,  -6,  -6, -22,  -6,  -6, -10,  -6,  -6,  -6,  -6
 113,     1, -16,  -4,  84, -16,  -4,  -4,  -4,  -4,  -4,  -4,  -8,  -4,  -4,  -4, -12
 114,     1,  -7,  -7, -15,  77, -19, -23,  -7, -19, -15, -31,  -7,  -7,  -7, -27, -19
 115,     1, -10,  66, -10, -10, -10, -22, -26, -10, -10, -10, -10, -10, -10, -46, -38
 116,     1,  -4,  -4, -16, -16,  -8,  -4,  -4,  92,  -4,  -4, -16,  -8,  -4,  -4,  -4
 117,     1, -27, -31,  -7, -11,  -7,  -7,  -7,  -7,  -7, -11,  65,  -7,  -7,  -7,  -7
 118,     1, -17, -13,  -5,  -5, -17,  -5,  87, -17,  -5, -21,  -5,  -5,  -5,  -5,  -5
 119,     1,  -4,  -4,  -4,  -4,  -4, -12,  92, -16,  -4,  -4,  -4,  -4,  -4,  -4,  -4
 120,     1,  -4,  -4,  -4,  -4,  -4,  92, -12,  -4,  -4,  -4,  -4,  -4,  -4,  -4,  -4
 121,     1, -16,  -4,  -4,  -4,  -4,  92,  -4,  -4,  -8,  -4,  -4,  -4,  -4,  -4,  -4
 122,     1,  -4,  -4,  -4,  -4,  -4,  -4,  -4,  92,  -4, -16,  -4,  -4,  -4,  -4,  -4
 123,     1,  89, -11,  -7,  -3,  -3, -15,  -3,  -3,  -3, -11,  -3,  -3,  -3, -11,  -3
 124,     1,  -4,  -4,  -4,  -4,  -4,  -4,  84,  -4,  -4,  -4, -20,  -4,  -4,  -4,  -4
 125,     1, -23,  -7,  -7, -27,  -7,  -7,  -7,  -7, -35,  -7,  89,  -7, -19,  -7,  -7
 126,     1, -17,  -5,  -5,  -5, -17,  -5, -17,  -5,  -5, -25, -13,  -5,  87,  -5,  -5
 127,     1, -30,  -6, -18, -26, -26,  -6, -26,  -6,  -6,  82,  -6,  -6,  -6,  -6,  -6
 128,     1,  -4,  88,  -4,  -4, -16,  -4,  -4,  -4,  -4,  -4,  -4, -20,  -8,  -4, -12
 129,     1, -13,  -9,  -5,  -5,  -5, -17,  -5,  -5,  -5,  -5,  -5,  87,  -5,  -5,  -5
 130,     1, -39, -11, -11, -31, -11,  53, -27, -11, -11, -43, -15, -35, -11, -11, -19
 131,     1,  -6, -22, -26,  -6, -10,  -6,  -6,  -6, -10,  -6, -22,  86,  -6,  -6, -22
 132,     1,  -6,  -6,  -6,  -6,  86,  -6,  -6, -18, -30,  -6, -18, -18,  -6,  -6,  -6
 133,     1, -19,  -7,  -7, -11, -27, -11,  89,  -7,  -7,  -7,  -7,  -7,  -7,  -7, -35
 134,     1,  -7, -19,  -7,  -7,  -7, -15,  65,  -7,  -7,  -7, -11, -11, -23, -15, -31
 135,     1,  -4,  -4, -12,  -4,  -4,  -4,  -4,  -4,  92,  -8,  -4,  -4,  -4,  -4,  -4
 136,     1,  -6,  -6, -18,  78,  -6, -14, -22, -26,  -6, -22, -26, -10,  -6,  -6,  -6
 137,     1, -36,  -8,  -8,  -8, -12,  -8, -28,  -8,  -8, -12, -32, -28,  64, -16, -36
 138,     1,  -5,  -9,  -5,  -5, -17,  -5,  91,  -5,  -5, -13,  -9,  -5,  -5,  -5,  -5
 139,     1, -15,  -3,  -3,  93,  -3,  -7, -11,  -3,  -3,  -3, -11,  -3,  -3,  -3,  -3
 140,     1,  -6,  -6,  -6, -22,  70,  -6, -30, -22,  -6,  -6,  -6,  -6,  -6,  -6,  -6
 141,     1,  -9, -41,  -9, -29, -17, -41,  -9,  -9,  -9, -25,  -9, -29,  79,  -9, -17
 142,     1, -15, -19, -19,  -7, -27, -27,  85,  -7,  -7, -27, -23,  -7, -35, -27,  -7
 143,     1,  -4,  -4,  84,  -4,  -4,  -4,  -8,  -8,  -4,  -4,  -4, -12,  -4,  -4,  -8
 144,     1,  -7,  -7, -15,  69,  -7, -31,  -7,  -7, -15,  -7, -19,  -7,  -7, -23,  -7
 145,     1,  -7,  -7,  -7,  65, -35,  -7, -15,  -7, -31,  -7,  -7, -19,  -7,  -7, -31
 146,     1, -16, -12,  -4,  80, -16,  -4,  -4, -16,  -4,  -4,  -4,  -4,  -4,  -4, -12
 147,     1,  -3,  -3,  -3,  -3,  -3, -11,  -3,  -3,  -3,  -3,  -7,  -3,  -3,  85,  -3
 148,     1,  -7, -27,  -7, -35, -27,  -7,  -7,  -7,  81, -35,  -7,  -7,  -7,  -7,  -7
 149,     1, -41, -13,  -9, -41,  -9, -29, -29, -41,  -9, -25,  -9,  63, -21, -25,  -9
 150,     1,  -4,  -4, -12,  -4,  -4,  -4,  -4, -16,  -4,  -4,  -4,  -4,  -8,  80,  -4
 151,     1, -29,  -9,  -9,  -9, -21, -17,  -9, -21,  -9, -21, -21, -21,  67,  -9, -13
 152,     1,  -2,  -2,  -2,  -2,  -2,  -2,  -2,  -2,  90,  -2,  -2,  -2,  -2,  -6,  -2
 153,     1,  -6,  70,  -6,  -6, -10, -10,  -6,  -6,  -6,  -6,  -6,  -6,  -6,  -6,  -6
 154,     1,  93,  -3,  -3,  -3,  -3, -11,  -3,  -3,  -3,  -3,  -3, -11,  -3,  -3, -11
 155,     1,  -8, -20,  -8,  -8,  -8,  68,  -8,  -8, -28,  -8, -24,  -8, -36, -40, -28
 156,     1,  -3,  -3, -11,  -3,  -3,  -3,  -3,  89,  -3,  -3,  -3, -11,  -3,  -7, -15
 157,     1, -21,  -9, -41,  -9,  -9,  -9, -41,  -9,  -9,  -9,  71,  -9, -17,  -9, -21
 158,     1,  -3,  -3,  -7,  -3,  -7,  -3, -11,  -3,  -3, -11,  -3, -11,  85, -11,  -3
 159,     1,  -7,  -3,  -3,  -3,  -7,  85,  -3,  -3, -15,  -3,  -3,  -3,  -7,  -3,  -3
 160,     1,  -6,  -6,  90, -22,  -6,  -6, -14, -26,  -6, -14,  -6, -18, -26, -26,  -6
 161,     1,  -5,  -5,  -5,  -5,  -5,  -5,  83,  -5,  -5,  -5, -21,  -5,  -9,  -5, -21
 162,     1, -15,  -3,  -3,  -3,  -3,  -3,  -3,  -3,  -3,  -3,  -3,  -3,  -3,  85,  -3
 163,     1,  -9, -37, -25,  -9,  -9, -29,  -9, -33, -17, -41, -41, -41,  -9,  75,  -9
 164,     1,  -5,  -5,  -5,  83, -13,  -5,  -5, -25,  -5,  -5,  -5, -13,  -5,  -9,  -5
 165,     1, -25,  -5, -21, -21,  -9,  -5,  -5,  -5,  -5,  -9,  87,  -5,  -9,  -5,  -5
 166,     1, -21,  -5,  -5,  -5, -25,  -5,  -5,  -5,  -5,  -5,  -5,  -5,  -5,  83,  -5
 167,     1, -11, -35, -27,  -7,  -7, -27,  -7,  69, -19,  -7,  -7,  -7, -35,  -7, -15
 168,     1, -14,  -6,  -6,  -6, -10, -18, -22, -18, -14,  -6,  78,  -6, -22,  -6, -18
 169,     1,  89,  -7,  -7, -27,  -7,  -7,  -7,  -7,  -7,  -7,  -7,  -7, -19,  -7,  -7
 170,     1, -22,  -6, -22, -14,  -6, -22, -22,  -6, -26, -18, -10,  -6,  -6,  74, -26
 171,     1,  -4,  -4,  -4,  -4,  -4, -12,  -4,  -4,  -4,  92,  -4,  -4,  -4,  -4,  -4
 172,     1,  -3,  -3,  -3,  -3,  -3,  -3,  -3,  -3,  -3,  -3,  85,  -3,  -3,  -3, -11
 173,     1, -12,  -4,  -4,  -4, -12,  -4,  -4,  -4,  -4,  -4,  84,  -4, -16,  -4,  -4
 174,     1,  -2,  -6,  90,  -2,  -2,  -6,  -2,  -2,  -2,  -2,  -6,  -2,  -2,  -6,  -2
 175,     1, -12,  80,  -4,  -4,  -4,  -4,  -4, -20,  -4,  -4,  -4,  -4,  -4, -12,  -4
 176,     1, -41, -25, -33,  63, -37, -25, -37,  -9,  -9,  -9,  -9, -13, -13,  -9, -17
 177,     1,  -6,  -6, -22, -18,  -6, -30,  -6,  -6,  -6,  -6, -22, -18,  -6,  70,  -6
 178,     1,  80,  -8,  -8, -16, -28,  -8, -16,  -8,  -8, -16, -32,  -8,  -8,  -8,  -8
 179,     1,  -3,  -3,  -3, -15,  -7,  -3, -15,  -3,  -3,  -3,  89,  -3,  -3,  -7,  -3
 180,     1,  -6,  -6, -10,  -6, -26, -26, -30, -10,  -6, -10,  -6,  -6,  86, -22,  -6
 181,     1,  -5,  -5,  -5,  -9,  -5,  -9, -13, -21,  91,  -5,  -5, -21,  -9,  -9,  -5
 182,     1,  -5,  -5, -13,  -5,  -5,  -9,  -5,  -5,  -5,  87,  -5,  -5,  -5, -25,  -5
 183,     1,  -3,  -7, -11,  -3,  -3,  -3,  -3,  -3,  -3,  -3,  85,  -3,  -3,  -3,  -3
 184,     1, -12, -16,  -4,  -4,  -4,  -4,  -4, -12,  -4,  -4,  -4,  -4,  80, -12,  -4
 185,     1, -13,  -5,  -5,  -5, -13,  -5,  -5, -25,  -5,  -5,  -5, -13, -17,  79,  -5
 186,     1,  -9,  -9,  -9, -41,  -9,  71, -17, -25,  -9,  -9, -37,  -9, -21,  -9,  -9
 187,     1,  -5,  -5,  -5,  91, -21,  -5, -17,  -5,  -9, -13,  -5,  -5,  -5,  -5,  -5
 188,     1, -14, -10, -34, -10, -22, -10,  66, -10, -10, -10, -10, -10, -26, -38, -10
 189,     1, -33, -37,  -9, -13,  -9,  -9, -13, -17, -41,  -9,  -9, -25,  63,  -9, -17
 190,     1, -20, -12,  -4,  -4,  -4,  -4,  -4,  -4,  -4,  -4, -16,  -4,  84,  -4,  -4
 191,     1,  -6, -26,  -6, -10,  -6,  -6,  -6, -18,  74,  -6,  -6,  -6,  -6,  -6,  -6
 192,     1,  -7,  -7, -23,  -7,  -7,  -7, -15, -19, -15,  -7,  73,  -7,  -7,  -7,  -7
 193,     1,  -5, -17,  -5,  -5,  -5,  -5,  -9,  -5,  -5,  -5, -17,  -5,  -5,  91,  -5
 194,     1,  -3,  89,  -3,  -3,  -3,  -3,  -3, -11,  -3,  -3,  -3,  -3,  -3,  -3,  -3
 195,     1,  -6, -26,  -6,  -6,  -6,  -6,  -6,  86, -14, -26,  -6, -14,  -6, -14, -18
 196,     1,  -4,  -4,  -4, -16,  -4,  92,  -4,  -4,  -8, -16,  -4,  -4,  -4,  -4,  -4
 197,     1,  -6,  -6, -30,  -6,  -6,  -6,  -6,  -6,  -6,  86, -10,  -6, -18,  -6, -10
 198,     1,  80,  -4,  -4, -12,  -4, -16,  -4,  -4,  -4,  -4, -20,  -4,  -4,  -4,  -4
 199,     1,  -4,  -4,  -4,  -4, -16,  -8,  -4,  -4,  -4,  -4,  -4,  -4,  -4,  92,  -4
 200,     1, -11,  -3,  -3,  -3,  -3,  -3, -11,  -3,  -3,  85,  -3,  -3,  -3,  -3,  -3
 201,     1, -15,  -3,  85,  -3,  -3,  -3,  -3,  -3,  -3, -11,  -3,  -7,  -3,  -3,  -7
 202,     1,  -2,  -2,  -2,  -2,  -2,  -2,  -6,  -2, -10,  -2,  -2,  -2,  94,  -2,  -2
 203,     1,  60, -24, -32,  -8,  -8,  -8,  -8, -32,  -8,  -8,  -8, -36, -32, -16, -32
 204,     1,  -3,  89,  -3,  -3,  -3,  -3,  -3,  -3,  -3, -15, -11,  -3,  -3, -11,  -3
 205,     1, -10, -18, -42, -10, -14, -18, -18, -10, -10,  66, -10, -10, -10, -14, -14
 206,     1, -41,  -9,  -9,  -9, -33, -37, -21, -29,  -9,  -9, -29,  -9,  71,  -9, -41
 207,     1,  -6,  -6,  -6, -14, -22, -14,  -6,  -6,  -6, -30,  -6,  -6,  90,  -6,  -6
 208,     1,  -4,  -4, -16,  -4,  -4,  -4,  92,  -4,  -4,  -4,  -4,  -8,  -4,  -4,  -4
 209,     1,  -2,  -6,  -2,  -2,  -2,  -2,  -2,  -2,  -2,  -2,  -6,  -6,  -2,  -2,  90
 210,     1,  -5, -13, -13,  -5,  -5, -21,  -5, -21,  -5,  -5,  -5,  -5,  83, -25,  -5
 211,     1,  -3,  -3,  85,  -3,  -3,  -3,  -3,  -3,  -3,  -3,  -3,  -3,  -3,  -3,  -3
 212,     1,  -4,  -4,  -4, -16,  -4,  -4, -20,  92,  -4,  -4,  -4,  -4, -20,  -4, -20
 213,     1,  -7, -11, -35,  -7,  -7, -23,  -7,  -7, -15,  -7, -15, -27,  77,  -7,  -7
 214,     1, -21, -17, -13,  -5,  -5, -21,  79, -13,  -5,  -5, -13,  -5,  -5,  -5,  -5
 215,     1,  -6,  -2,  -2,  -2, -10, -10,  -2,  -2,  -2,  -2,  94,  -2,  -2,  -2,  -2
 216,     1,  -6,  86,  -6,  -6,  -6, -14,  -6, -14,  -6,  -6,  -6, -18,  -6, -26,  -6
 217,     1, -11,  -3,  -3,  -3,  -7,  -7,  -3,  -3,  -3,  93,  -3,  -3, -11,  -3,  -3
 218,     1,  -3,  -3,  -3,  -3,  -3,  -3, -11,  -3,  -3,  -3,  -3,  93,  -3,  -3,  -3
 219,     1,  -3,  -3, -11,  -3,  89,  -3,  -7,  -3, -15, -15,  -3,  -3,  -3, -11, -15
 220,     1,  -7,  -7,  73,  -7, -27, -19,  -7, -23,  -7,  -7, -19, -31,  -7,  -7,  -7
 221,     1,  -8, -24, -36, -24, -20,  -8, -28,  68, -20, -36,  -8, -24,  -8,  -8,  -8
 222,     1,  -5, -13,  -9, -21,  -5, -21,  -5, -21, -21,  91, -21, -17,  -5, -17,  -5
 223,     1,  -4,  -4,  -8, -12,  -4,  -4,  92,  -4,  -4,  -4,  -4,  -4,  -8,  -4,  -4
 224,     1, -11,  -3, -11,  -3,  -3,  -3,  -3,  -3, -11,  -3,  -3,  93,  -3,  -3, -11
 225,     1, -19,  -7,  -7, -19,  73,  -7, -31, -11, -19, -31,  -7, -35,  -7,  -7, -11
 226,     1,  -9,  -9,  -9,  -9, -41, -29, -17,  -9,  -9, -41, -37, -25,  59, -41,  -9
 227,     1,  -5,  -5,  -5, -21, -13,  -5,  -5, -17,  -5, -21, -25,  -5,  79,  -5, -25
 228,     1,  -4,  -4,  -8,  -4,  -4,  -4,  -4,  -8,  -4,  88,  -8,  -4,  -4,  -4,  -4
 229,     1,  -6,  -6, -26, -14,  74,  -6,  -6,  -6,  -6, -14,  -6,  -6,  -6,  -6,  -6
 230,     1,  -3,  -3,  93,  -3,  -3,  -3,  -3,  -3,  -3,  -3,  -7, -11,  -3,  -3, -11
 231,     1,  -9, -17,  -5,  91,  -5,  -5,  -5,  -5,  -5, -17,  -5,  -5,  -5, -21, -17
 232,     1,  -7,  -7, -31,  -7, -27,  73,  -7, -31, -27, -23,  -7, -23, -31,  -7,  -7
 233,     1, -13, -13,  -5,  -5,  -5,  -9,  -5,  -5,  -5,  83, -21,  -5,  -5, -17,  -5
 234,     1,  -5,  -9,  -9, -13, -17,  -5,  -5, -13,  -5,  -5,  83,  -5,  -5,  -5,  -5
 235,     1,  -2,  -2,  -6, -10,  -6,  -2,  -6,  90,  -2,  -6,  -2,  -2,  -2,  -2,  -2
 236,     1,  -5,  -5,  -5, -25,  -5,  -5, -21,  -5,  -5,  -5,  87,  -5,  -5,  -5,  -5
 237,     1,  -8,  -8,  80, -24, -40,  -8,  -8,  -8, -16, -24, -36, -16, -12,  -8,  -8
 238,     1,  -3, -11,  -3,  85,  -3,  -3,  -3,  -3,  -3, -15,  -3,  -3, -11,  -7,  -3
 239,     1,  -5,  -5,  -5,  87, -25,  -5, -21,  -5,  -5,  -9,  -5,  -5, -21,  -5,  -5
 240,     1, -12,  84,  -4,  -4,  -4, -12,  -8,  -4,  -4,  -4, -12,  -4, -12,  -4,  -4
 241,     1,  -5,  -5, -17, -17, -17,  -5,  -5, -21,  -5,  -5,  -5,  -5,  -5,  91, -17
 242,     1, -22, -42, -10, -34, -10, -42,  54, -10, -42, -30, -10, -22, -10, -18, -30
 243,     1,  -5,  -5,  -5,  -5,  -5, -17, -25,  83, -13,  -5,  -5,  -5, -13, -25,  -5
 244,     1,  -8,  84,  -4,  -4,  -4, -20,  -4,  -4,  -4,  -4,  -8, -12,  -4,  -4,  -4
 245,     1,  -2,  -2,  -2,  -2,  -2,  -2,  -2,  94,  -2,  -2,  -2,  -2,  -2,  -2,  -2
 246,     1,  -5,  -5,  -5, -21, -21,  -5,  -5,  87,  -5, -13,  -5,  -5,  -5,  -5, -17
 247,     1,  -7,  65,  -7,  -7, -27,  -7, -23, -31, -11, -15, -15,  -7, -19,  -7, -27
 248,     1, -17,  91, -17,  -9,  -5,  -5,  -5,  -5, -17,  -5, -25,  -5,  -5,  -5, -13
 249,     1, -11, -11, -43, -27, -19, -11,  57, -31, -11, -43, -11, -11, -11, -11, -43
 250,     1,  -7,  -7,  -7, -31,  65,  -7,  -7, -15,  -7, -15,  -7,  -7, -23, -15, -19
 251,     1,  -8,  -4, -16,  -4,  -4,  -4,  -4,  -8,  -4,  -4,  -4,  -4, -12,  -4,  92
 252,     1, -17, -21,  -5,  -9,  -9,  -9,  87,  -5,  -5, -21,  -5,  -5,  -9, -17,  -5
 253,     1, -15,  89, -31, -19,  -7,  -7, -19, -31, -11,  -7, -23, -31,  -7, -35,  -7
 254,     1,  -6,  -6,  -6,  -6, -22,  -6, -22, -14,  -6,  -6, -26,  70,  -6, -10,  -6
 255,     1, -26, -10,  78, -30,  -6,  -6,  -6,  -6,  -6,  -6,  -6,  -6,  -6,  -6,  -6
 256,     1, -11,  -3,  -3,  85,  -3,  -3,  -3,  -3,  -3, -11,  -3, -15,  -3,  -3,  -3
 257,     1,  -5,  79,  -5,  -5, -25,  -5,  -9,  -5, -17,  -9,  -5, -13,  -5,  -5,  -5
 258,     1,  -4,  80,  -4, -12,  -4,  -4,  -4,  -4,  -4,  -4,  -4,  -4,  -4,  -4,  -4
 259,     1, -31, -15, -23,  -7,  -7,  89, -31, -31,  -7,  -7, -19,  -7, -19,  -7,  -7
 260,     1,  -7,  -7, -19,  -7,  -7,  -7,  -7, -27,  -7,  -7, -31,  -7,  -7,  81,  -7
 261,     1,  -4,  -4,  -4, -20,  -4,  -4,  -4,  -4,  -4, -12,  -4,  -4,  -4,  -4,  84
 262,     1,  -6,  -6,  -6, -18,  -6, -26, -26,  -6,  -6,  -6,  -6, -22,  86, -18,  -6
 263,     1,  -3,  -3,  -3,  -3,  -3,  -3,  -3,  -3,  -3,  93,  -3, -11,  -3,  -3,  -7
 264,     1, -19,  85,  -7, -31,  -7, -19,  -7, -31,  -7,  -7, -27,  -7, -27, -15,  -7
 265,     1,  -4,  -4, -12,  -4,  -4,  -4,  -4,  -4, -16, -12,  84,  -4,  -4,  -4,  -4
 266,     1,  -4,  -4,  -8,  -8,  -8,  -4,  -4,  80,  -4, -20,  -4,  -4, -20, -12,  -4
 267,     1, -13,  59,  -9,  -9,  -9, -41,  -9,  -9, -41,  -9, -29,  -9,  -9,  -9, -41
 268,     1,  -6,  -6,  -6,  -6,  -6,  -6,  -6, -22, -14,  90,  -6,  -6,  -6,  -6, -10
 269,     1, -30, -10,  -6,  -6,  -6,  -6,  -6,  -6, -26,  -6,  -6,  -6,  90, -26, -26
 270,     1,  -6,  -6, -30, -14,  -6,  -6, -26,  -6, -22,  -6, -10,  74,  -6,  -6,  -6
 271,     1,  -8,  -8,  -8,  -8,  -8,  -8,  -8, -36,  -8, -24, -24, -16,  -8,  80,  -8
 272,     1,  -6,  -6,  -6,  -6,  -6,  86,  -6,  -6,  -6, -22, -14,  -6,  -6, -26,  -6
 273,     1,  -6,  -6,  -6,  -6,  -6,  82,  -6, -22,  -6,  -6,  -6, -14,  -6, -26,  -6
 274,     1,  -8,  -8, -36, -12, -28,  -8,  -8, -28, -36,  -8,  -8,  60,  -8, -16,  -8
 275,     1,  -5,  -5, -13,  -5,  83,  -5,  -5,  -5,  -5,  -5,  -5,  -5,  -5,  -5, -13
 276,     1,  -5,  83,  -5, -13,  -5,  -5,  -5,  -5,  -5,  -5, -17, -21,  -5, -13, -17
 277,     1,  -4,  88,  -4, -16,  -4,  -4,  -4,  -4,  -8,  -4, -12,  -4,  -8,  -4, -12
 278,     1, -11,  -7, -35, -15,  -7, -11,  89,  -7, -19, -19,  -7,  -7, -35, -15, -19
 279,     1,  -3,  -3, -15,  -3,  -3, -15,  -3,  -3,  -7,  -3,  -7,  -3,  85,  -3,  -3
 280,     1,  -5,  -9,  -9,  -5,  -5,  -5,  -5,  -5, -17,  -9,  -5,  -5,  -5,  -5,  87
 281,     1, -41, -37, -21,  71,  -9,  -9, -41,  -9,  -9,  -9, -41, -41,  -9, -13,  -9
 282,     1, -28,  -8, -24,  84, -20, -12,  -8, -40, -24, -12,  -8,  -8, -20,  -8, -12
 283,     1,  -8, -16, -28, -16,  -8,  -8, -16,  -8, -20,  -8,  -8,  -8,  -8,  -8,  76
 284,     1, -31, -15,  -7,  -7, -19,  73,  -7,  -7, -19,  -7, -31,  -7, -27,  -7, -19
 285,     1,  -8,  -8, -20,  80, -20,  -8, -36,  -8,  -8, -12, -20,  -8,  -8, -28,  -8
 286,     1, -15,  -7, -35,  -7, -27, -27,  -7, -31, -31,  89, -11, -27,  -7, -27, -15
 287,     1,  -6,  82,  -6,  -6,  -6,  -6, -26,  -6,  -6, -14,  -6,  -6, -26,  -6,  -6
 288,     1,  -5, -17,  -5,  -5,  -5, -13,  87, -25,  -5,  -5, -13,  -5,  -5, -13, -13
 289,     1,  -3,  -3, -11, -15, -15,  85,  -3,  -7,  -3,  -3,  -3,  -3,  -7,  -3,  -3
 290,     1,  -5,  -9,  -5, -21,  -5,  -5, -17, -13,  -9,  -5, -13,  -5,  -5,  79, -21
 291,     1,  -4,  -4,  -4,  -4,  -4,  -4,  -8,  -4,  -4,  88,  -4,  -4,  -4,  -4,  -4
 292,     1,  -7,  -7,  -7,  -7,  -7, -27,  -7, -27,  -7, -23, -27,  -7,  -7,  77,  -7
 293,     1,  89,  -3,  -3,  -3,  -3,  -3,  -3,  -7,  -3,  -3,  -3,  -3,  -3,  -3,  -3
 294,     1,  -6,  -6, -10,  -6,  -6, -18,  -6,  -6,  86,  -6,  -6,  -6,  -6,  -6,  -6
 295,     1, -13,  -9,  -9, -33, -29,  63, -41, -37,  -9,  -9, -41, -33, -29,  -9, -21
 296,     1, -25,  -5,  -5,  -5,  -5,  -5,  -9, -13,  -5, -25,  -5,  -5,  91,  -5, -21
 297,     1,  -6,  -6,  -6, -26,  -6,  -6,  -6,  -6,  -6, -14, -14,  -6, -22,  -6,  82
 298,     1, -13, -29, -17,  -9,  -9, -37,  -9, -29, -13, -37, -37, -29,  67, -17,  -9
 299,     1,  -6,  -6,  70,  -6, -18,  -6, -18, -22,  -6, -14, -26, -26, -18, -26,  -6
 300,     1,  -4,  -4, -20,  -4,  -4,  -4,  -4,  -4,  -4,  88,  -4,  -4,  -4,  -4,  -4
 301,     1,  -6, -14,  -6,  -6,  -6,  82,  -6,  -6, -22,  -6, -18,  -6, -26,  -6,  -6
 302,     1,  -3,  -3,  -3,  -3,  -3, -15,  -3,  -3,  -3,  -3,  -3,  -3,  -3, -15,  89
 303,     1, -31,  -7,  -7,  -7, -15,  85,  -7,  -7,  -7,  -7, -19,  -7,  -7, -23,  -7
 304,     1,  -6,  -6,  -6, -14, -18,  -6, -18,  82,  -6,  -6, -26,  -6, -14, -30,  -6
 305,     1,  -4,  92,  -4,  -4,  -4,  -4,  -4,  -4,  -4,  -4,  -4,  -4,  -4,  -8,  -4
 306,     1,  -3,  -3,  -3,  -3,  -3,  -7,  93,  -3,  -3, -15,  -3, -11,  -3, -15,  -7
 307,     1,  -4,  -8, -16,  -4,  -4,  84,  -4,  -4,  -4,  -4,  -4,  -4, -12, -16, -12
 308,     1,  -4,  -4,  -4,  -4,  -4,  -4,  -4, -12,  -4,  -4,  -4,  -4,  84, -20,  -4
 309,     1, -30, -30,  90, -14, -26, -22, -22,  -6,  -6, -10,  -6, -10, -26,  -6, -14
 310,     1,  -8, -20,  -8,  -8,  84,  -8,  -8,  -8, -16, -16,  -8,  -8, -12,  -8, -32
 311,     1,  -4,  -4, -20,  -4,  88,  -4,  -4,  -4,  -8,  -8,  -4,  -4,  -4,  -4,  -4
 312,     0, -11, -23, -43, -15, -19, -35, -11, -11, -43, -11, -11, -43, -11, -11, -11
 313,     1,  -8,  -8,  -8, -16,  -8, -28,  -8,  60, -28,  -8, -28, -36, -32, -16, -28
 314,     1,  -3,  -3, -11,  93,  -3,  -3,  -3,  -3,  -7,  -3,  -3, -11, -11,  -3,  -3
 315,     1,  -4,  -8, -20, -12, -20,  -4,  -4,  -4, -12, -20, -20,  -4,  -4,  88,  -4
 316,     1, -16,  -4, -20,  -8,  -4,  -4,  -4,  -4, -16,  84,  -4,  -4,  -4,  -4,  -4
 317,     1,  -3,  -3,  -3,  -3,  -3, -11,  -3,  -7,  -3,  -3,  -3,  89, -11,  -3, -15
 318,     1,  -4, -20, -12,  -4, -12,  92,  -4, -12,  -4,  -4,  -4,  -4,  -4,  -4,  -4
 319,     1, -29,  -9, -17, -21, -21, -25, -37,  -9,  -9,  -9,  -9, -33,  -9,  59, -21
 320,     1, -11,  -3,  -3,  -3,  -3,  85,  -3,  -3,  -3,  -3,  -3,  -3,  -7,  -3,  -3
 321,     1,  -9,  -9, -41,  -9, -17,  -9, -33,  -9,  -9,  -9,  71, -29,  -9,  -9,  -9
 322,     1,  -6,  -6,  -6, -30,  -6, -22,  -6,  -6,  -6,  82, -10,  -6,  -6,  -6, -22
 323,     1, -26,  -6,  -6,  -6, -26,  -6,  -6,  -6,  -6,  -6, -14,  -6,  70,  -6, -22
 324,     1,  -5,  83,  -9,  -5, -17,  -5, -21,  -5, -21, -21,  -9,  -5,  -5,  -5,  -5
 325,     1,  92,  -4,  -4, -16,  -4,  -4,  -4,  -4,  -4,  -4,  -4, -12,  -4,  -4,  -4
 326,     1,  -5, -21,  -5,  -5,  -9,  -5,  -5, -21,  -9,  91,  -5,  -9,  -9,  -5, -13
 327,     1,  -3,  -7,  -3,  -3,  -3,  -3,  -3,  -3,  -3,  89,  -3, -11, -11,  -3,  -3
 328,     1,  -6,  -6,  -6,  -6,  -6,  -6,  -6,  -6,  -6, -14,  -6,  78,  -6,  -6,  -6
 329,     1,  -4,  -4, -12,  -4,  -4, -12,  -4,  -4,  -4, -16,  -4,  -4,  92,  -4,  -4
 330,     1,  94,  -2,  -2,  -6,  -6,  -2,  -2,  -2,  -2,  -2,  -2,  -6,  -2,  -2,  -2
 331,     1,  -3,  -3,  93,  -3,  -3,  -3,  -3,  -3,  -3,  -7,  -3,  -3,  -3,  -3,  -7
 332,     1,  -7,  -7,  -7,  -7,  -7, -31,  -7,  77, -11, -11,  -7,  -7, -23, -19,  -7
 333,     1,  -5,  -5,  -5, -25,  -5,  -5,  -5, -21,  -5,  83,  -5,  -9, -25, -17, -17
 334,     1, -17, -13,  -9,  -5,  -5,  -5,  -5,  -5,  -5, -21,  83,  -5,  -5,  -5,  -5
 335,     1,  -4,  -4,  -4,  -4,  -4,  -4,  -4,  80, -16,  -4,  -4,  -4,  -4,  -4,  -4
 336,     1, -21, -17,  -5,  -5,  -5,  -5,  -5,  -5,  -5,  -5,  -5,  -9, -25,  -5,  87
 337,     1,  -8,  -4,  -4,  84,  -4,  -4,  -4,  -4,  -4,  -4,  -4,  -4, -12,  -4,  -4
 338,     1, -10, -10, -10, -22, -10, -38, -10,  58, -10, -34, -10, -10, -42, -30, -38
 339,     1, -14,  -6,  -6, -26,  -6,  -6, -30,  -6,  -6, -30,  -6,  -6,  -6,  -6,  86
 340,     1,  94,  -2,  -2,  -2,  -2,  -2,  -2,  -2,  -2,  -2,  -2,  -2,  -2,  -6,  -2
 341,     1,  -3,  -3,  -3,  85,  -3, -11, -11,  -7,  -3,  -3,  -3, -11,  -3,  -3,  -3
 342,     1,  -4,  -4, -16, -12,  -4,  -4,  -4,  -4, -20,  88,  -4,  -4, -20,  -4,  -4
 343,     1, -10,  -6,  -6,  -6, -22,  78, -26,  -6, -10,  -6,  -6, -10, -30,  -6,  -6
 344,     1, -12,  -4,  -4,  -4, -16,  -4,  -8, -12,  -4,  88,  -4, -12,  -4,  -4,  -4
 345,     1, -25, -41,  -9,  -9,  -9,  -9,  -9, -25,  63,  -9,  -9,  -9,  -9, -13, -25
 346,     1,  -8,  -8,  -8,  -8, -12,  -8, -12,  72,  -8, -32, -20,  -8,  -8, -12, -40
 347,     1, -12,  -4,  -4,  -8,  -4,  -4,  -4,  -4, -16,  80,  -4,  -4,  -4,  -4,  -4
 348,     1,  -4,  -4, -12,  -4,  92, -20,  -4,  -4, -12, -16,  92,  -4,  -4, -20,  -4
 349,     1,  -5,  -5,  -5, -17,  -9,  -5,  -5,  -5, -25,  -9, -21,  91,  -5,  -5,  -5
 350,     1,  75,  -9,  -9, -25, -17,  -9, -17,  -9, -33,  -9, -29,  -9,  -9, -33, -21
 351,     1, -13, -21,  -9,  -9, -41,  63, -13,  -9,  -9,  -9,  -9,  -9, -37,  -9,  -9
 352,     1,  -6,  -6, -30,  -6,  -6,  -6,  -6,  -6,  82,  -6, -30,  -6,  -6, -14, -18
 353,     1,  -5,  87,  -5,  -5,  -5, -17,  -5,  -5,  -5,  -5,  -5, -13,  -5,  -9,  -5
 354,     1,  -3, -15,  -3,  -3,  -3, -11,  -3,  -3,  -3,  -3,  -3,  -3,  93,  -3,  -7
 355,     1,  -3,  -3,  -3, -11,  -3, -11,  -3,  89,  -3,  -3,  -7,  -3,  -3,  -3,  -3
 356,     1, -13,  63,  -9, -17,  -9,  -9, -13, -37,  -9,  -9, -13,  -9,  -9,  -9,  -9
 357,     1,  -8,  -8, -36,  -8, -32,  -8, -20,  -8,  76,  -8,  60, -36,  -8,  -8,  -8
 358,     1, -21,  -5, -17, -17, -13,  -5,  87,  -5, -13,  -5,  -5,  -5,  -9,  -5,  -5
 359,     1,  -4,  -4,  -4,  -4,  -4,  -4, -16, -12,  -4,  -4, -16,  -4,  -8, -20,  84
 360,     1,  -9,  -9,  -9, -41,  -9,  -9, -17, -41,  -9, -41, -29,  -9,  -9,  67, -13
 361,     1,  -9, -37,  -9,  67,  -9,  -9, -29,  -9,  -9, -13,  -9,  -9, -17,  -9, -41
 362,     1,  -4,  92,  -4, -12, -12,  -4,  -4,  -4,  -4,  -4, -12, -16,  -4,  -4,  -4
 363,     1,  -5,  -5,  -5,  -5, -21,  -5,  -5,  87,  -5,  -5,  -5,  -5,  -5,  -5,  -5
 364,     1,  -4,  -4,  -4,  -4,  -4,  -4,  -4,  -4,  -4,  -4,  -8,  -4,  88,  -4,  -4
 365,     1,  -5,  -5,  -5, -17,  -5,  -5,  -5, -21, -21,  -5, -25,  -5,  -5,  -5,  87
 366,     1, -20,  -4, -12,  -4,  -4,  -4,  -8,  -8,  -4,  -4,  84,  -4, -16,  -4,  -4
 367,     1, -25,  -9,  -5, -25,  -5, -17, -21,  -5, -13,  -5,  -5,  91, -25,  -5,  -5
 368,     1,  -6,  -6, -30,  -6,  -6,  -6,  90,  -6,  -6,  -6,  -6, -26,  -6,  -6,  -6
 369,     1, -11, -27,  -7,  -7,  -7,  65,  -7,  -7,  -7, -23,  -7,  -7, -23, -27, -27
 370,     1,  71, -25,  -9, -37, -17,  -9, -21,  -9,  -9,  -9, -41,  -9, -33, -29,  -9
 371,     1,  -3,  -3,  -3,  -3,  89,  -3,  -3,  -3, -11,  -3,  -7,  -3,  -3,  -3, -15
 372,     1,  -3,  -3,  -3,  -3,  -3,  -3,  -3,  -3,  -3,  89,  -3,  -3,  -3,  -3,  -3
 373,     1, -10,  -2,  -2,  94,  -2,  -2,  -2,  -2,  -2,  -2,  -2,  -2,  -6,  -2,  -2
 374,     1,  -9, -13,  -9, -25, -17,  -9,  -9,  -9,  -9,  -9, -41, -13,  59, -37, -17
 375,     1,  -4,  -8,  -4,  -4,  -4,  -4,  -4,  -4,  -4,  -4, -12, -12,  -4,  -4,  80
 376,     1,  -6,  -6, -14,  -6,  -6, -26,  -6, -26, -14,  -6,  -6,  -6, -26,  86, -26
 377,     1,  -8,  -4,  -4, -16,  -4,  -4,  -4,  -4,  -8,  -4,  88, -20,  -4,  -4,  -4
 378,     1,  89,  -3,  -3,  -3,  -3,  -3, -15,  -3,  -3,  -3,  -3,  -3,  -3,  -3,  -3
 379,     1,  80,  -4,  -4,  -4,  -4,  -4,  -4,  -4,  -4, -12,  -4,  -8,  -4,  -4,  -4
 380,     1, -11,  -7,  -7,  -7, -19,  -7,  -7, -11,  -7, -19, -19,  -7,  69,  -7,  -7
 381,     1,  -4, -12,  80,  -4,  -4,  -4,  -4,  -4,  -4,  -4,  -4,  -4,  -4,  -4,  -4
 382,     1,  79,  -5,  -5,  -5, -17,  -5,  -5,  -5,  -5,  -5,  -5,  -5,  -5,  -5,  -5
 383,     1,  94,  -2,  -2,  -2,  -2,  -2,  -2,  -2,  -2,  -2,  -2,  -2,  -2,  -2,  -2
 384,     1, -10, -10,  70, -26, -10, -34, -10, -10, -10, -10, -22, -10, -10, -10, -10
 385,     1,  -9,  -9, -21, -17,  -9,  63,  -9,  -9, -41,  -9,  -9, -17,  -9, -41, -41
 386,     1,  -6, -10, -14, -22,  78, -26,  -6,  -6,  -6,  -6,  -6,  -6, -18,  -6, -26
 387,     1,  -3, -11,  -3,  -3,  -3,  -3,  -3,  -3,  -3, -11,  -3,  -3,  93,  -3, -11
 388,     1,  -3,  89,  -3,  -3,  -3, -15,  -3,  -3,  -3,  -3,  -3, -15,  -3,  -3,  -3
 389,     1, -19,  -7,  -7,  -7, -19,  85,  -7,  -7, -11,  -7, -19, -35,  -7, -11,  -7
 390,     1,  -7, -35,  -7,  -7,  69,  -7, -31,  -7,  -7,  -7, -11, -23, -35, -31,  -7
 391,     1,  -8,  -8,  -8,  -8, -16, -12, -36, -20, -32, -12,  -8, -24,  -8, -24,  72
 392,     1,  -4,  -4, -12,  92,  -4,  -4,  -4, -16, -20,  -4,  -4,  -4,  -4,  -4,  -8
 393,     1, -17,  -5,  79,  -5,  -5,  -9,  -5,  -5, -25, -21,  -5, -13,  -5,  -5,  -9
 394,     1,  -9,  -9,  -9,  -9, -33,  -9, -21, -21, -33,  59,  -9, -13, -37, -37,  79
 395,     1,  -2,  90,  -2,  -2,  -2,  -2,  -2,  -6,  -2,  -2,  -2,  -2,  -2,  -2,  -2
 396,     1, -30,  -6,  -6,  82,  -6,  -6, -14, -14, -18, -26,  -6, -18,  -6, -18,  -6
 397,     1, -34, -34, -10, -42, -18, -42, -10, -22, -10, -10, -30, -10, -14,  58, -10
 398,     1, -17,  -5,  -5,  -5,  -5,  -5, -21,  -5,  -5,  -5,  -5,  -5,  -5,  83, -21
 399,     1, -11,  -7, -11,  -3,  -3, -11, -11,  89,  -3,  -3,  -3, -11,  -3, -11,  -3
 400,     1, -20, -32,  -8,  72, -32,  -8,  -8,  -8,  -8, -16,  -8, -20, -16,  -8, -16
 401,     1,  -2,  -2,  94,  -2,  -2,  -2,  -2,  -2,  -2,  -2,  -2,  -2,  -2,  -6,  -2
 402,     1, -20,  -8,  -8, -12,  -8, -20,  88, -24,  -8,  -8,  -8,  -8, -32, -12,  -8
 403,     1,  68,  -8,  -8,  -8,  -8, -12,  -8,  -8,  -8, -28,  -8, -24,  -8,  -8,  -8
 404,     1, -30,  -6, -30, -14,  -6,  -6,  78, -14,  -6,  -6,  -6, -26,  -6,  -6,  -6
 405,     1, -20,  -4,  -4,  -4,  -4,  -8,  -4,  92,  -4,  -4,  -8,  -4,  -4, -20,  -8
 406,     1,  -4,  -4,  -4,  -4,  -4, -20,  -8,  -4,  -4,  88,  -4,  -4,  -4,  -4,  -4
 407,     1,  -4,  -4,  -4,  -4,  -4,  -4,  -4,  -4, -16,  -4,  -4,  -4,  92,  -8,  -4
 408,     1,  -8,  -8, -12,  -4,  -4, -16,  -4, -20,  -4,  -8,  -4,  -4, -16,  88,  -8
 409,     1, -10, -10, -30, -30, -10, -10, -10, -10,  66, -10, -14, -10, -10, -10, -10
 410,     1,  -3,  -3, -11,  -3,  -3,  -3,  -7,  -3,  -7, -11,  93,  -3,  -3,  -3,  -3
 411,     1,  -4,  -8,  -4,  -4,  -4,  84,  -4, -16,  -4,  -8, -12,  -8,  -4,  -4,  -4
 412,     1,  -8, -32, -36,  -8, -12,  -8,  76, -28, -36,  -8, -28, -36, -32, -16,  -8
 413,     1, -17,  -5,  -5, -25,  -5,  -5,  -5,  83,  -5,  -5,  -5,  -5,  -5,  -5,  -5
 414,     1,  -5,  -5,  -5,  -5,  -5,  -5, -25,  -5,  79,  -5,  -5,  -5,  -5, -17,  -5
 415,     1, -17, -33,  -9, -29,  -9, -25, -41,  -9,  -9,  -9,  -9, -17, -41,  79, -13
 416,     1, -16, -16,  -4,  -8,  -4,  -4,  -4,  -4, -12,  -4,  -4, -16,  92,  -4,  -8
 417,     1,  -6, -10,  -6, -30,  -6,  -6, -26, -26,  -6, -10, -26,  78, -26, -30,  -6
 418,     1, -12,  -4, -12, -12,  -4, -16, -20,  -4,  -4,  -4,  -4,  -4,  -4,  -4,  80
 419,     1, -22, -10,  -6,  -6,  -6, -26, -30, -14,  -6,  78, -26,  -6, -26, -10, -26
 420,     1,  89,  -3,  -3,  -3,  -3,  -3, -15,  -3, -11, -11,  -3,  -3,  -3,  -3,  -3
 421,     1,  -7,  -7,  -7,  -7, -15, -31, -23,  -7,  -7,  85,  -7,  -7, -31,  -7, -19
 422,     1,  77, -31,  -7,  -7,  -7, -27, -31,  -7, -15,  -7,  -7, -27,  -7, -19,  -7
 423,     1,  -4,  -4,  -4,  -4,  -4, -12,  -4,  92, -16, -12,  -4,  -4, -16,  -4,  -4
 424,     1,  -4,  -4,  -4, -16,  -4,  -4,  -4,  -8,  -4,  -4,  -4,  88,  -4,  -4,  -4
 425,     1,  -4,  -4, -16, -16,  88,  -4,  -4,  -4,  -4,  -4,  -4,  -4, -16,  -4,  -4
 426,     1,  -6, -14,  -6,  78, -14,  -6, -10, -22,  -6, -18, -10,  -6,  -6,  -6, -10
 427,     1,  -4,  -4,  -8, -16,  -4,  -4, -12,  -4,  -4,  -4,  84,  -4,  -4,  -4,  -4
 428,     1,  85, -35,  -7,  -7,  -7,  -7,  -7,  -7, -31, -27, -11,  -7,  -7, -11,  -7
 429,     1,  -4,  -4, -20, -16,  -4,  -4,  -4,  -4,  -4,  -4,  -4,  92,  -4,  -4,  -4
 430,     1,  -4,  -4,  -4,  -4,  -8,  -4,  -4,  -4,  -4,  -4,  -4,  88, -12,  -4,  -4
 431,     1,  -6, -18,  -6,  -6, -26, -18,  -6,  -6,  -6, -22,  -6,  -6,  -6,  82,  -6
 432,     1,  -7,  -7, -31, -11,  -7,  -7,  -7,  -7,  -7,  85, -15, -11, -11,  -7, -23
 433,     1,  -4,  -4,  80,  -4,  -4,  -4,  -4,  -4,  -4,  -4,  -4,  -4, -20,  -8,  -4
 434,     1,  -3,  -3,  -3, -11, -11,  -3, -11,  -3,  89,  -3, -15, -11,  -3,  -3,  -3
 435,     0, -43, -19, -31, -11, -43, -11, -43, -43, -15, -11, -51, -11, -19, -11, -43
 436,     1,  -3,  -3,  -3,  -3,  -3,  -3,  -3,  -3,  -3,  -3,  -3, -15,  -3,  85,  -3
 437,     1,  -4,  -4, -16, -20, -16,  -4,  -4, -16,  -8,  -4,  -4,  -8,  92,  -4,  -4
 438,     1,  -5,  -5,  -5, -21, -13, -13,  79, -25,  -5,  -5, -25,  -5,  -5,  -5,  -5
 439,     1,  -7, -19, -19,  -7,  77,  -7,  -7,  -7,  -7, -23, -19,  -7, -23, -15,  -7
 440,     1,  -9, -41,  -9,  -9, -37, -41,  -9, -29,  -9,  -9,  -9, -21,  59, -21,  -9
 441,     1,  -3,  -3,  -3,  -3,  93,  -3,  -3,  -3, -11,  -3,  -3,  -3,  -3,  -7,  -3
 442,     1, -13,  -5,  -5,  -5,  -5,  -5,  -5, -21,  -5,  91, -25,  -5,  -5,  -5,  -9
 443,     1,  -9, -41,  -9,  -9,  -9, -37, -41, -37,  -9,  67,  -9, -37, -29,  -9, -13
 444,     1,  -2, -10,  -6,  -2,  -2,  -2,  -2,  -2,  90,  -2,  -2,  -2,  -2,  -2,  -2
 445,     1,  -4, -12,  88,  -8,  -4,  -4,  -4,  -4,  -4,  -4,  -4,  -4, -12,  -4,  -4
 446,     1,  -2,  -2,  94,  -2,  -2,  -2,  -6,  -2,  -2,  -2,  -2,  -2,  -2,  -2,  -2
 447,     1,  -9,  59, -25, -25,  -9,  -9, -17, -33,  -9,  -9, -41,  -9,  -9,  -9, -21
 448,     1,  -3,  -3,  -7, -15,  -3,  -3,  -3,  -3,  -3,  -3,  -3,  -3, -11,  -3,  93
 449,     1,  -3,  93,  -3,  -3,  -3,  -3,  -7,  -3,  -3,  -3,  -3,  -3,  -3, -11,  -3
 450,     1, -16,  -8, -32,  -8,  -8, -32,  -8, -24,  -8,  -8,  -8,  -8,  60, -32,  -8
 451,     1,  89,  -3,  -3, -15,  -3,  -3,  -3,  -3,  -3,  -3, -11,  -3,  -3,  -3,  -3
 452,     1,  -7,  -7, -23, -15,  77,  -7,  -7,  -7, -19, -23,  -7,  -7,  -7,  -7,  -7
 453,     1,  -6, -22, -26,  -6, -22,  -6,  -6,  -6,  82, -26,  -6,  -6, -10,  -6,  -6
 454,     1, -14,  -6,  -6,  -6,  -6, -10, -10,  -6, -10, -10, -26,  -6,  -6,  -6,  78
 455,     1,  -8,  -4,  88,  -4,  -4,  -4,  -4,  -4,  -4,  -4,  -4,  -4,  -4,  -4, -16
 456,     1,  89,  -7,  -7,  -7,  -7,  -7, -23,  -7,  -7,  -7, -11, -27, -15,  -7, -15
 457,     1, -15,  -7,  -7,  69,  -7,  -7, -31,  -7, -27,  -7,  -7,  -7,  -7, -19, -27
 458,     1,  80,  -4, -16,  -4, -12,  -8,  -4, -16, -12, -16,  -4,  -8,  -4,  -8, -16
 459,     1,  -4, -12,  -4,  -4, -12,  -4,  -4,  92,  -4,  -4,  -4,  -4,  -4,  -4,  -4
 460,     1,  -7,  -7,  81, -27, -11, -31,  -7,  -7,  -7,  -7, -11,  -7,  -7, -31,  -7
 461,     1, -12,  -4,  92, -16, -12,  -8,  -4, -20,  -4,  -4,  -4,  -4,  -4,  -4,  -4
 462,     1,  -5, -25,  -5,  -9,  -5, -25,  79,  -5,  -5,  -5,  -5, -17,  -5,  -5,  -5
 463,     1,  -7,  -7,  -7, -31,  -7,  -7, -35,  -7, -23, -15,  73,  -7, -19,  -7, -19
 464,     1, -41,  -9,  -9,  -9, -37, -37, -25, -37, -37,  -9,  -9,  -9,  -9,  -9,  75
 465,     1,  -2,  -2,  -6,  -6,  -2,  -2,  -2,  94,  -2,  -2,  -2,  -2,  -2,  -2,  -2
 466,     1,  83,  -9,  -9,  -9,  -9, -25,  -9, -13,  -9,  -9,  -9, -41,  -9, -13,  -9
 467,     1, -16,  -4, -16,  -4,  88,  -4,  -4,  -4,  -4,  -4,  -4,  -4,  -4,  -8,  -4
 468,     1,  -3,  -3,  -3,  -3,  -3,  93,  -3,  -3,  -3,  -3,  -3,  -3,  -3, -11,  -3
 469,     1,  -8,  -4, -12,  -4, -12, -12, -12,  -8,  -4,  -4,  80, -12,  -4, -16,  -8
 470,     1, -15,  -3,  -3,  -3,  -3,  93,  -3,  -3,  -3, -11, -15,  -3,  -7, -11,  -3
 471,     1,  -3,  93, -15,  -3,  -3,  -7,  -3,  -3, -11,  -3,  -3,  -3,  -3,  -3,  -3
 472,     1,  -2,  -2,  -2,  -2,  -2,  -2,  -2,  -2,  -2,  -2,  -2,  90,  -2,  -2,  -2
 473,     1, -19, -31, -27, -15, -19, -23,  73,  -7,  -7,  -7, -23,  -7,  -7,  -7,  -7
 474,     1, -15, -11,  -3,  -3,  -3,  -3,  -3,  -3, -11,  -3, -11,  93,  -7,  -3,  -7
 475,     1,  -7, -31, -27,  -7, -23,  -7,  -7, -15, -15, -27,  -7,  69,  -7, -23,  -7
 476,     1, -26, -18, -10,  -6, -10,  -6, -14,  -6,  -6,  -6,  90, -18,  -6,  -6,  -6
 477,     1, -33,  71,  -9,  -9,  -9,  -9, -25, -41,  -9,  -9, -25, -17, -29,  -9,  -9
 478,     1,  -3,  -3,  -3, -15,  -3, -11,  -3,  89,  -7,  -3,  -3, -15, -11,  -3,  -3
 479,     1, -23, -11, -23, -11,  -7, -27,  -7,  -7,  -7,  -7,  65,  -7, -23, -27,  -7
 480,     1,  -4,  -4,  -4,  -4, -12,  -4,  -8,  -4,  -4,  -4,  -4, -16,  -4,  92,  -8
 481,     1,  -9, -13,  63,  -9,  -9, -13, -37,  -9,  79, -41, -41,  -9,  -9,  -9, -13
 482,     1, -32,  -8,  -8,  -8, -32, -28,  -8, -24,  68, -24,  -8, -16, -40,  -8, -36
 483,     1,  -5,  -5,  -5,  79, -21,  -5,  -5,  -5,  -5,  -5, -17,  -5, -13,  -5,  -5
 484,     1, -28,  -8, -36, -12,  -8, -24,  -8,  -8,  -8, -24, -16,  -8,  68, -28,  -8
 485,     1,  -7,  -7,  -7,  89, -19, -11, -11,  -7,  -7,  -7,  -7, -23,  -7, -31,  -7
 486,     1,  86,  -6,  -6,  -6,  -6,  -6,  -6,  -6, -26,  -6,  -6, -22,  -6,  -6, -18
 487,     1,  -3,  -3,  -3,  -3,  -3,  -3,  -7,  -3,  93,  -3,  -3, -11,  -3,  -3, -15
 488,     1, -13,  -5,  -5,  -5,  -5,  -5,  -5,  -5,  -5,  79, -17,  -5,  -9,  -5,  -5
 489,     1, -12,  -8,  -8,  -4,  -8,  -4,  -4,  -4,  80, -16, -12,  -4,  -4, -12,  -4
 490,     1, -17,  -9, -13,  -5,  91,  -9,  -5,  -5,  -5,  -5,  -9,  -5, -17, -13,  -5
 491,     1, -11, -47, -23, -11, -11, -11, -11, -43, -31, -31, -19, -11, -47, -11,  57
 492,     1,  -4,  -4,  -4,  88, -16,  -4,  -4,  -4,  -8,  -4,  -4,  -4,  -4,  -4,  -4
 493,     1, -17, -21,  -9,  -9,  -9, -21, -37,  63,  -9,  -9,  -9,  -9,  -9,  -9,  -9
 494,     1, -29, -21,  -9,  -9, -41,  -9,  -9, -13,  -9,  -9, -13,  -9,  71, -29,  -9
 495,     1,  -5,  -5,  87, -17,  -5,  -5, -13,  -5,  -5,  -5,  -5,  -5,  -5,  -5,  -9
 496,     1, -15,  -7,  -7, -15,  -7,  85,  -7,  -7,  -7,  -7,  -7, -15,  -7, -15,  -7
 497,     1,  83,  -5,  -9, -21,  -5, -17,  -5, -21,  -5,  -5,  -5, -13,  -5, -17, -17
 498,     1,  -6,  -6,  -6, -10,  -6,  -6,  -6,  -6, -18, -22,  -6,  -6,  78,  -6,  -6
 499,     1,  -6,  90,  -6, -22,  -6,  -6, -22, -30,  -6, -10, -18,  -6,  -6,  -6, -14
 500,     1, -31, -23,  -7, -11,  -7, -15,  81,  -7, -23, -19, -31, -31, -31,  -7,  -7
 501,     1,  -4,  -4,  -4,  -4,  -4,  -4, -16,  -4,  -4,  -4,  -4, -16,  -8, -12,  92
 502,     1,  -6, -14, -18,  -6,  -6, -22, -22,  78, -30,  -6,  -6, -30,  -6,  -6,  -6
 503,     1,  -3,  -3,  -3,  -3,  -3, -11,  -3,  -3, -15,  85,  -3,  -3,  -3,  -3,  -7
 504,     1,  -4,  -4,  -4,  -4,  -4,  84,  -4,  -4, -12,  -4,  -4,  -4,  -4, -20, -12
 505,     1,  -4,  -4,  92, -16,  -8,  -4,  -4, -16,  -4,  -4,  -4,  -4, -12,  -4,  -4
 506,     1,  -5,  -5,  91,  -5, -13, -21,  -5,  -5,  -5,  -5,  -5,  -5,  -5,  -9, -13
 507,     1, -27, -19, -19, -11,  -7,  -7, -15,  77, -23,  -7,  -7, -11,  -7, -15,  -7
 508,     1, -13, -37, -17, -17, -25, -41,  -9, -41,  79, -21,  -9, -25, -29, -21,  -9
 509,     1, -23,  -7, -11, -31, -11,  -7,  -7,  -7, -11,  89,  -7,  -7,  -7, -31,  -7
 510,     1,  -4,  -4,  -4,  -4,  -4, -12,  -8,  -4,  -4,  -4,  -4,  92,  -4,  -4, -12
 511,     1,  -3,  -7,  -3,  -3,  -3,  -3,  -3,  -3,  -7,  -7,  -7,  89, -11,  -3,  -3
 512,     1, -11,  -3,  -3,  -3,  -3, -11, -11,  -3,  85,  -3,  -3,  -3,  -7,  -3,  -3
 513,     1,  84,  -4,  -4,  -4, -12, -16,  -4, -20,  -4,  -4,  -4,  -4,  -4,  -4,  -4
 514,     1,  -7,  -7,  -7,  -7,  -7,  -7,  -7,  -7, -15, -23, -31,  73,  -7, -15, -23
 515,     1,  87, -13,  -5,  -5,  -5, -17,  -5,  -5,  -5, -21,  -5,  -5,  -5,  -5,  -5
 516,     1, -18, -10,  -6, -14, -18, -14, -26, -14, -26,  -6,  -6,  -6, -18,  74, -22
 517,     1,  -3,  -3,  -3,  -3,  93,  -3,  -3,  -3,  -3, -11,  -3,  -3,  -3,  -3,  -3
 518,     1,  -4,  -4,  -4,  -4,  -4,  -4,  -8,  -4,  -4,  -4,  80,  -4,  -4,  -4,  -4
 519,     1,  -6, -30, -22,  -6,  -6, -22,  -6,  -6,  -6,  -6,  -6,  -6, -30,  86,  -6
 520,     1,  -9, -41,  -9,  -9,  87,  -9, -13,  -9,  -9,  -9,  -9, -13,  -9,  -9, -29
 521,     1,  -3, -11,  -3,  -7,  -3,  93, -11,  -3,  -7,  -3, -11,  -3,  -3,  -3,  -3
 522,     1,  79,  -5,  -5, -13, -25, -17,  -5,  -5,  -5,  -5,  -5, -25,  -5,  -5,  -5
 523,     1, -21,  -9,  -9,  -9,  -9, -37,  -9,  -9,  -9, -41, -33,  87,  -9,  -9, -17
 524,     1,  -5, -21,  -5,  -5,  91, -17, -13, -25,  -5, -21,  91, -17,  -5,  -5, -21
 525,     1, -32,  -8,  -8, -16, -20, -36,  -8, -32,  -8, -36,  60,  -8,  -8, -12,  -8
 526,     1,  -7, -19, -35, -23, -15, -19,  -7,  -7, -31, -27,  81,  -7,  -7, -27, -15
 527,     1,  -7,  -7,  -7, -27,  73, -19, -19,  -7,  -7, -35,  -7,  -7, -27, -11,  -7
 528,     1,  88,  -4, -12,  -4,  -4,  -4, -12,  -4, -12,  -4, -16, -12, -12,  -4,  -4
 529,     1,  -9,  67,  -9, -33,  -9, -25, -25,  -9,  -9,  -9,  -9,  -9,  -9,  -9,  -9
 530,     1,  -9,  -9,  -9, -37, -37, -13, -13,  -9, -41, -21, -21, -25,  63, -25,  -9
 531,     1, -17, -13,  -5,  -5, -13,  -5,  -5,  79,  -5,  -5,  -5,  -9,  -5,  -5,  -5
 532,     1,  -5,  -9,  -5,  -5, -17,  -5, -13,  -5,  87, -17,  -5, -21,  -9,  -5,  -9
 533,     1,  -4,  -4,  -8,  -4, -20,  -4,  -4, -16,  -4,  -4,  -4,  -4,  84,  -4, -16
 534,     1, -19,  -7,  77, -31,  -7, -27,  -7, -15,  -7,  -7, -11, -11, -11, -23,  -7
 535,     1,  -4,  -4,  -4,  84,  -8,  -4,  -4,  -4,  -4,  -4,  -4, -12,  -4,  -4,  -4
 536,     1,  -3,  -3,  -3,  -3, -11,  89,  -3,  -3,  -3,  -3, -11,  -3,  -3,  -3,  -3
 537,     1, -31,  -7, -11,  73,  -7, -23, -15,  -7,  -7,  -7,  -7, -35,  -7, -27,  -7
 538,     1,  -7, -31, -27,  -7,  -7, -15,  -7,  -7, -19,  -7,  -7,  65,  -7,  -7,  -7
 539,     1,  -3,  89,  -3, -11,  -3,  -3,  -3, -15, -11,  -3,  -3,  -3,  -3,  -3, -15
 540,     1,  -9,  -9, -41, -21, -17,  -9, -41,  -9, -41, -25,  -9, -37,  83, -21, -25
 541,     1,  -7,  -7,  -7,  -7,  73,  -7, -31, -31, -23,  -7, -31, -19, -27,  -7, -27
 542,     1, -19, -23,  -7, -11,  89,  -7, -15,  65,  -7,  -7,  -7,  -7, -23,  -7,  -7
 543,     1,  -4,  -4,  -4, -16,  -4,  -4,  -4,  -4, -20, -20,  -8,  -4,  -4,  -4,  92
 544,     1, -28,  80,  -8, -12,  64,  -8,  -8, -36,  -8,  -8, -36, -16, -12, -40,  -8
 545,     1,  -3,  -3,  -3,  -3,  -3,  -3, -11,  -3,  -3,  93,  -7,  -3,  -3,  -3,  -3
 546,     1,  -6,  -2,  -2,  -2,  -2,  -2,  -2,  -2,  -2,  -2,  -6,  90,  -2,  -2,  -2
 547,     1, -25,  -5,  -5,  -5,  -5, -13,  -5,  -5,  -5,  -5,  91, -17,  -5,  -5, -25
 548,     1,  -3, -11,  89,  -3, -15,  -3,  -3,  -3,  -3,  -3,  -3,  -3,  -3,  -3,  -3
 549,     1,  -5,  -5, -17,  -5,  91,  -5, -17,  -5,  -5,  -5, -25,  -5, -21,  -5, -17
 550,     1,  -2,  -2,  -6,  -6,  -2,  -2,  -2,  -2,  -2,  90,  -2,  -2,  -6,  -2,  -2
 551,     1,  -4,  -4,  -4, -16,  -4,  88,  -4,  -4,  -8, -20,  -4,  -4,  -8,  -4,  -4
 552,     1, -40, -40,  -8,  -8,  -8,  -8, -32, -28,  -8, -12, -16,  72,  -8,  -8,  -8
 553,     1,  -3,  -3,  -3,  -3,  -3,  -3,  -3,  -3,  -3,  -3,  -3,  -3,  -3,  89,  -3
 554,     1,  83,  -5, -13,  -5,  -5,  -5,  -5, -17,  -5, -25,  -5, -21, -17,  -5,  -5
 555,     1,  -7,  -7,  -7,  -7,  -7,  -7,  -7,  -7, -11,  65,  -7, -31,  -7, -31,  -7
 556,     1, -32,  76, -12,  -8, -20, -24,  -8, -40,  -8,  -8, -12,  -8,  -8,  -8,  60
 557,     1, -20,  -4,  -4,  -4,  -4,  -4,  92,  -4,  -4,  -4,  -4,  -4,  -4,  -4,  -8
 558,     1,  -7,  -3,  -3,  -3,  85,  -7,  -3,  -3,  -7, -11,  -3,  -3,  -3,  -3,  -3
 559,     1, -10,  -2,  -2,  -2,  -2,  -2,  -2,  -2,  -2,  -2,  -2,  90,  -2,  -2,  -2
 560,     1, -28, -40,  -8,  60, -20, -12,  -8,  -8, -32, -36, -12,  -8, -28, -16,  -8
 561,     1, -23, -11,  -7, -27, -19, -15,  -7, -11,  -7, -27,  -7, -19,  65,  -7, -31
 562,     1,  -4, -16,  -4,  -4, -20,  -4,  92,  -4,  -4,  -4, -20,  -8,  -4, -12, -16
 563,     1,  -7,  -3,  93, -15,  -3,  -3,  -3,  -3,  -3,  -7,  -7,  -3,  -3,  -3,  -3
 564,     1,  -6,  -6,  -6,  -6, -22,  82,  -6, -26,  -6, -10, -22, -30,  -6, -10,  -6
 565,     1,  -5,  -5,  -5,  -5,  -5,  -5,  -5,  -5,  -5, -17, -13,  83, -17,  -5,  -5
 566,     1,  -3,  -3,  -3,  -3,  -3,  -3,  -3,  -3,  -3,  89,  -3,  -3,  -3,  -7,  -3
 567,     1,  -3,  -3,  -3,  -3,  -3,  -7,  -3,  -3, -15,  -3,  -3,  -3, -15,  -7,  89
 568,     1,  -9,  -9,  63, -17, -33, -41, -17, -13, -17,  -9,  -9, -25,  -9, -41, -29
 569,     1,  -2,  -2,  90,  -6,  -2,  -2,  -2,  -2,  -2,  -2,  -2,  -2,  -2,  -6,  -2
 570,     1, -21,  79, -21,  -5,  -5,  -5,  -5, -13, -17,  -5, -21,  -5,  -5, -13,  -5
 571,     1,  -8,  -8,  -8,  -8, -24, -36, -32, -36,  -8,  -8, -32,  -8,  68, -24,  -8
 572,     1,  -4,  -4,  -4,  -4,  -4,  -4,  -4,  92,  -4, -12, -12,  -4,  -4,  -4,  -4
 573,     1,  -4,  -4,  -4,  -4, -16,  -4,  -4,  -8,  88,  -4,  -4,  -4,  -4,  -4,  -4
 574,     1,  -8,  -8,  -8,  68,  -8,  -8,  -8, -32,  -8,  -8,  -8,  -8,  -8,  -8, -12
 575,     1,  -3,  -3,  -3,  89,  -3,  -3,  -3,  -3,  -3,  -3,  -3,  -3,  -3, -11,  -3
 576,     1,  -5, -13,  -5, -21,  -5,  -9,  -5,  -5,  -5,  -5,  -5,  -5,  83,  -5, -21
 577,     1,  -6,  -6,  -6,  -6, -14, -14, -14, -18,  -6, -18,  -6, -30, -10,  82,  -6
 578,     1,  69,  -7, -27,  -7, -19,  -7, -15,  -7, -27,  -7, -27,  -7, -19,  -7,  -7
 579,     1,  -9,  -9, -29,  -9,  -9,  -9,  -9,  -9,  67,  -9,  -9,  -9,  -9, -37, -21
 580,     0, -10, -22, -10, -26, -10, -10, -14, -10, -10, -10, -10, -14, -14, -26, -10
 581,     1,  -4,  -8,  -8,  -4, -16,  -4,  -4,  -8,  -4,  -4,  84, -12,  -4,  -4,  -8
 582,     1, -10,  78,  -6,  -6,  -6,  -6, -26, -14, -22, -26, -14, -22,  -6,  -6,  -6
 583,     1,  -9,  63,  -9, -13,  -9,  -9,  -9, -29,  -9,  -9, -17,  -9,  -9, -37, -25
 584,     1,  -6,  -6, -26,  -6,  74, -22,  -6,  -6,  -6,  -6, -22,  -6,  -6,  -6, -26
 585,     1, -20,  -4,  -4,  -4, -16,  -4,  84,  -4,  -4,  -4,  -4, -16,  -4,  -4,  -4
 586,     1, -10,  -6,  -6,  -6,  -6,  90,  -6,  -6,  -6,  -6,  -6,  -6,  -6, -18, -14
 587,     1, -12,  -4,  -4,  -4,  -4, -12, -12,  -4,  -4,  -4,  -4, -12,  -4,  88,  -4
 588,     1,  94,  -2,  -2,  -2,  -2,  -2,  -2,  -2,  -2,  -6,  -2,  -2,  -2,  -2,  -2
 589,     1,  -7, -27,  -7, -23,  -7,  -7,  -7,  -7, -31, -35,  -7,  89,  -7, -31,  -7
 590,     1, -15, -15,  -3,  89,  -3,  -3, -11,  -3,  -3,  -7, -11,  -3, -11,  -7,  -3
 591,     1,  -7,  -7,  -7, -27,  -7, -23,  -7, -27, -27,  -7, -35,  89, -35,  -7,  -7
 592,     1,  89,  -3,  -7,  -3,  -3,  -3,  -3, -11,  -3,  -3,  -3,  -7,  -3,  -3,  -3
 593,     1,  -5, -17,  -5, -21,  -5, -17, -21,  -5,  83,  -5,  -5, -21, -13,  -5,  -9
 594,     1,  -8,  -8, -20,  60, -16,  -8,  -8, -36, -16,  -8,  -8, -40, -24, -36,  -8
 595,     1,  -4,  -4,  -4,  -4,  80,  -4,  -4,  -4,  -4,  -8,  -4,  -4,  -4,  -4, -20
 596,     1,  -4,  -4,  -4,  -4,  -4, -12, -12, -20,  -4,  -4, -12, -12,  80, -12, -16
 597,     1,  -6,  -6,  78, -22,  -6, -18,  -6,  -6,  -6,  -6,  -6,  -6,  -6,  -6,  -6
 598,     1,  -3,  -3,  -3,  -3,  -3,  -3,  -3,  -3,  93,  -3,  -3,  -3,  -3,  -7,  -3
 599,     1,  -2,  -2,  -2,  -2,  -2,  -2,  -2,  -2,  -2,  -2,  -2,  -2,  94,  -2, -10
 600,     1,  93,  -3,  -3,  -3,  -3,  -3,  -3,  -3,  -3,  -3, -15,  -3,  -3,  -3,  -3
 601,     1,  -5,  -5, -17,  -5,  -5,  -5,  -5, -17,  -5,  -5,  79,  -5,  -5,  -5,  -5
 602,     1, -27,  -7, -27, -15,  -7,  -7, -31,  89, -11,  -7,  -7,  -7, -31,  -7, -23
 603,     1,  81,  -7,  -7,  -7, -31, -31, -31, -35,  -7, -23,  -7, -15,  -7, -27,  -7
 604,     1, -11,  -3,  -3,  -3, -11,  -3,  -3,  -3,  -3,  -3,  -3,  93,  -7,  -3,  -3
 605,     1,  -4,  -4,  -4,  92, -20,  -4,  -4,  -4, -20, -16,  -4, -16,  -4,  -4,  -4
 606,     1,  -8, -40, -28, -24, -28, -28,  -8,  -8, -12, -36,  76,  -8, -16, -32,  -8
 607,     1,  -3,  -3,  -3,  -3,  93,  -3,  -3,  -3,  -7,  -3, -15,  -7,  -3,  -3,  -3
 608,     1, -10, -42, -30,  62, -10, -10, -22, -10, -42, -38, -22, -10, -22, -10, -10
 609,     1,  -5,  -5,  -5, -13,  -5,  -5,  -5, -25,  -5,  79,  -5,  -5,  -5,  -5, -21
 610,     1,  -2,  94,  -2,  -2,  -2,  -2,  -2,  -2,  -2,  -2,  -2,  -2,  -2,  -2,  -6
 611,     1, -27, -31,  -7,  -7, -23, -31,  -7,  69,  -7, -15,  -7, -11, -27,  -7, -31
 612,     1, -37,  -9, -21,  -9, -25, -17, -25,  -9,  -9, -33, -17, -29, -21, -41,  87
 613,     1,  -5, -21, -17,  -5,  -5, -21,  -5,  -5,  -5,  91,  -5,  -5, -17,  -5,  -9
 614,     1,  -3,  -3,  -3,  -3,  -3,  85,  -3,  -3,  -3,  -3,  -3,  -3,  -3,  -3,  -3
 615,     1, -10,  54, -18, -10, -30, -10, -42, -10, -42, -14, -10, -10, -10, -26, -26
 616,     1,  90,  -2,  -2,  -2,  -2,  -2,  -2,  -2,  -2,  -2,  -2,  -2,  -2,  -2,  -2
 617,     1,  -3,  -3,  -3,  -3,  -3, -11,  -7,  -3,  -3,  -7,  93,  -3,  -3,  -3,  -3
 618,     1, -14,  -6,  -6,  -6, -14, -30,  70,  -6, -14,  -6, -10,  -6,  -6,  -6, -18
 619,     1,  -4,  84,  -4,  -4,  -4,  -4,  -4,  -4, -16,  -4,  -8, -20, -12,  -4,  -4
 620,     1,  -7,  -3,  -3,  -3, -11,  -3,  -3,  -7, -11,  93,  -3,  -3, -15, -15,  -3
 621,     1,  88,  -8, -20,  -8,  -8,  -8,  -8, -32,  -8,  -8,  -8,  -8, -16, -20,  -8
 622,     1,  74,  -6, -14, -18, -26,  -6,  70,  -6,  -6,  -6,  -6,  -6,  -6, -18, -18
 623,     1,  65, -23, -35, -19, -35,  -7,  -7, -27,  -7,  -7,  -7,  -7, -31, -31,  -7
 624,     1, -15, -31,  -7,  -7,  -7,  77,  -7,  -7, -11, -11, -27,  -7, -15,  -7, -23
 625,     1,  -3,  -3,  -3, -15,  -3,  -3,  -3,  -3, -11,  -3,  93, -11,  -3, -15,  -3
 626,     1,  -8, -28, -40, -12, -32,  64,  -8,  -8,  -8, -16, -20,  -8,  -8, -20, -16
 627,     0, -15, -43, -15, -35, -11, -11, -35, -35, -11, -11, -11, -15, -11, -23, -11
 628,     1,  67,  -9, -21,  -9,  -9,  -9,  -9, -29,  -9,  -9,  -9, -37, -41,  -9, -33
 629,     1, -35, -27, -11, -31,  -7, -27,  73, -15, -23, -23, -31,  -7, -19,  -7,  -7
 630,     1,  -5,  -5,  -5, -21, -21,  -5,  -5,  -5,  -5,  91,  -5,  -5,  -5,  -5,  -5
 631,     1, -32,  -8,  -8,  -8, -20, -36,  -8, -24,  64, -12, -12, -32, -28, -20, -32
 632,     1,  -4,  -4, -20,  -4,  -4, -16,  -4,  -4,  -4,  -4, -16,  -4, -20,  88,  -4
 633,     1,  65,  -7, -27,  -7, -35,  -7,  -7,  -7, -19, -11,  -7, -11,  -7,  -7,  -7
 634,     1,  -6, -10, -26,  -6,  -6,  -6,  -6,  -6,  -6,  -6,  -6,  -6,  74, -26,  -6
 635,     1,  -2,  -2,  -2,  -2,  94,  -2,  -2,  -2,  -2,  -2,  -2,  -2,  -2,  -2,  -2
 636,     1,  -7,  -7, -35, -31,  -7, -27,  77,  -7,  -7,  -7, -11,  -7, -31, -27, -15
 637,     1,  -9, -37, -29, -29,  71,  -9,  -9, -41, -41, -13, -21,  -9,  -9,  -9,  -9
 638,     1,  -4, -16,  -4,  -4,  -4,  -4,  -4,  92, -16, -12,  -4,  -4,  -4,  -4,  -4
 639,     1, -26, -10, -14, -30, -22, -42, -10, -34, -10,  62, -10, -10, -42, -42, -10
 640,     1, -16,  -4,  80,  -4,  -4,  -4,  -4,  -4, -16, -12,  -4,  -4,  -4, -12,  -4
 641,     1, -17, -25, -21,  -5, -17, -21,  -5,  -9, -21,  -5, -17,  -5,  91,  -5,  -9
 642,     1,  -4,  -4,  -4,  -8, -12,  -8,  80,  -8,  -4,  -4,  -4,  -4,  -4, -12,  -4
 643,     1,  -7, -31,  -7, -15,  -7, -23,  -7, -11, -27,  -7,  73, -11, -23,  -7,  -7
 644,     1,  -6,  78, -14,  -6, -22,  -6,  -6, -26,  -6,  -6,  -6,  -6,  -6, -22, -26
 645,     1, -14, -22, -22, -22, -14,  -6,  -6, -22, -22, -10,  74, -18,  -6, -30,  -6
 646,     1,  -7,  -7,  -7,  -7, -23, -27,  -7,  -7,  -7,  -7,  81,  -7,  -7, -27,  -7
 647,     1, -36,  -8, -28,  60,  -8,  -8,  -8,  -8, -16,  -8,  -8, -20,  -8, -28,  -8
 648,     1, -17,  -5,  -5, -21,  -5,  -5, -13,  79,  -5,  -5,  -5, -13, -21,  -5,  -5
 649,     1,  -8, -16, -12,  -8, -40,  -8,  68, -28,  -8,  -8, -24,  -8,  -8, -24,  -8
 650,     1,  -7, -23,  -7,  81, -31,  -7,  -7,  -7,  -7, -15, -23, -35, -23,  -7, -23
 651,     1, -25,  -5, -17,  83,  -5, -21,  -5, -17,  -5, -13, -17,  -5,  -5,  -5,  -5
 652,     0, -27, -11, -11, -11, -15, -47, -11, -11, -11, -11, -19, -11, -27, -43, -11
 653,     1,  78, -10,  -6,  -6,  -6,  -6,  -6,  -6,  -6,  -6,  -6,  -6, -10,  -6,  -6
 654,     1,  -5,  -9,  -5,  -5, -13,  -5, -21,  -5,  -5, -21,  91,  -9,  -5,  -5,  -5
 655,     1, -10,  -6,  70,  -6, -26,  -6, -26,  -6, -10,  -6,  -6,  -6, -14, -22, -26
 656,     1,  -5,  -5,  -5, -25,  -9,  -5,  -5, -17,  -5, -13, -17, -25,  79,  -5,  -5
 657,     1,  -2,  -2,  -2,  -2,  -2,  -2,  -2,  94,  -2,  -2, -10,  -2,  -2, -10,  -2
 658,     1,  -6, -26,  -6,  -6, -26,  -6,  -6, -26, -22, -10,  -6, -26, -10,  78,  -6
 659,     1,  -4,  -4,  -4,  -4,  92,  -4, -16,  -4,  -4,  -4,  -4,  -4, -12, -12,  -4
 660,     1, -16,  -4, -12,  -4,  80,  -4,  -4,  -4,  -4, -16,  -4,  -4,  -4,  -8,  -4
 661,     1,  -5,  -5, -17, -21,  87,  -5,  -5,  -5,  -5,  -5,  -5,  -5,  -5,  -5,  -5
 662,     1,  -5, -21,  -5,  -5,  -5,  -5,  -5,  -5,  79,  -5,  -5,  -5,  -5,  -5,  -5
 663,     1,  91, -21,  -5,  -5,  -5,  -5,  -5, -17,  -5,  -5,  -5,  -5,  -5,  -5,  -5
 664,     1,  -6, -10,  -6, -14,  -6, -22, -14,  -6,  86,  -6,  -6,  -6, -22, -18,  -6
 665,     1,  -3,  -3,  -3,  -3,  -3, -15,  -3,  -3, -11,  -7,  -3,  -3,  89,  -3,  -3
 666,     1, -18,  -6,  -6, -22, -18,  -6, -14,  -6,  78, -22,  -6,  -6,  -6, -30,  -6
 667,     1,  89,  -7,  -3,  -3,  -3,  -3,  -3,  -3,  -3,  -3,  -3, -11,  -3, -11,  -3
 668,     1,  -7, -35, -15,  -7, -23,  -7,  -7, -19,  -7,  -7,  -7,  -7,  -7,  81,  -7
 669,     1, -14,  -6,  74,  -6,  -6,  -6, -14,  -6,  -6,  -6, -14,  -6,  -6,  -6,  -6
 670,     1,  -9, -37, -41, -13,  -9, -25,  -9, -41,  -9, -41, -29,  63,  -9,  -9, -17
 671,     1,  -3,  93,  -3,  -3,  -3,  -3,  -3,  -3,  -3,  -3,  -3,  -3,  -3,  -3,  -3
 672,     1,  90,  -2,  -2,  -2,  -2,  -2,  -2,  -2,  -2,  -2,  -2,  -2,  -2,  -2,  -2
 673,     1, -24,  -8, -12,  -8, -20, -12,  68,  -8,  -8, -32,  -8, -32,  -8,  -8, -16
 674,     1,  -4,  80,  -4,  -4,  -8,  -4,  -4,  -4,  -4, -12,  -4, -12,  -4,  -4,  -4
 675,     1,  -4,  -8,  -4,  -4,  -4,  -4,  -4,  -4, -20,  -4, -20,  84,  -4,  -4,  -4
 676,     1, -21,  -5,  -5,  -5,  -9,  -5,  -9,  -5,  -5,  -5,  -9,  -5,  79,  -5,  -5
 677,     0, -35, -27, -11, -15, -43, -11, -11, -11, -11, -11, -11, -43, -15, -23, -11
 678,     1,  -4,  -4,  -4, -16,  -4, -12,  -4,  92, -20, -12, -12, -20,  -4,  -4,  -4
 679,     0, -11, -11, -43, -23, -43, -43, -31, -11, -15, -11, -31, -11, -23, -19, -43
 680,     1,  -8,  -8,  -8,  -8,  -8,  -8, -16, -24,  76, -32, -28, -32, -28,  -8,  -8
 681,     1, -10, -10, -30, -26, -42, -42, -10, -10, -10, -18,  58, -34, -26, -10, -22
 682,     1,  -6, -22, -26,  -6,  -6,  -6, -22,  -6,  78,  -6, -14, -10,  -6,  -6,  -6
 683,     1,  -7,  -7, -31, -31,  -7, -23, -31, -15, -15, -19, -31,  -7, -23,  -7,  89
 684,     1, -22,  -6, -14,  -6, -22,  -6,  -6, -10, -14,  -6,  86, -18, -10,  -6,  -6
 685,     1,  -4,  -4,  -4,  -4, -20,  -4,  -4,  -4,  -4, -20, -12, -20,  -8,  -4,  80
 686,     1,  -5,  -5, -13,  -5,  79,  -5, -13,  -5,  -9, -17,  -9,  -5, -13, -21,  -5
 687,     1,  -4,  -4,  -4,  -4,  -4,  -4,  -4,  -4,  -4,  -4,  -8,  -4,  -4, -20,  88
 688,     1,  -3,  -3,  -3,  -3,  -3,  -3,  -3,  -3,  85,  -3,  -3,  -3,  -3,  -3,  -3
 689,     1,  -4,  -4,  84,  -4,  -4,  -8, -16,  -4,  -4, -16,  -4,  -4,  -4, -16,  -4
 690,     1,  -3,  -3,  -3,  -3, -11,  -3,  -3,  -3,  -3,  -3,  -3,  89,  -3,  -3,  -3
 691,     1,  -4, -12,  -8,  -4,  -4,  -4,  -4,  -4,  -8,  -4,  -4,  -4, -12,  92,  -4
 692,     1,  -3,  93,  -3,  -3,  -3,  -3, -15, -11,  -3,  -3,  -3,  -3,  -3,  -3,  -3
 693,     1,  -4,  -4,  -4,  -4,  -4,  -4, -20,  84,  -8,  -4,  -4,  -4,  -4,  -4,  -4
 694,     1,  -9, -13, -29,  -9, -13, -29,  -9,  -9,  83,  -9, -25, -21,  -9, -41, -41
 695,     1,  -5,  -5, -13,  -5,  -5,  87,  -5,  -5, -25,  -5,  -5,  -5,  -5,  -5, -21
 696,     1,  -6,  -6,  -6, -14,  -6,  -6,  -6,  -6,  -6, -26,  -6,  86,  -6, -30, -18
 697,     1,  -5,  79,  -5,  -5,  -5, -13,  -5,  -5,  -5,  -5, -21,  -5, -21,  -5,  -5
 698,     1,  -5,  -5,  -5,  -5,  -5,  -5,  -5,  -5,  -5, -17, -13,  -5,  -5,  87,  -5
 699,     1,  -5,  -5, -13,  -5,  -9, -17,  87,  -5,  -5,  -5,  -9, -21, -13,  -5,  -5
 700,     1,  -7,  85,  -7,  -7, -27,  -7, -35, -19, -31,  -7,  -7, -19, -15,  -7,  -7
 701,     1, -32, -20,  -8, -28,  -8,  -8,  -8,  84, -36, -12, -20,  -8,  -8, -36,  -8
 702,     1,  -8, -12,  -8, -32,  -8,  -8,  -8, -32,  -8, -12, -32,  60, -24, -12, -16
 703,     1, -41,  71, -25, -17, -41,  67,  -9, -37,  -9,  -9,  -9,  -9, -25,  -9,  -9
 704,     1, -22,  -6,  -6, -10,  -6,  90,  -6, -10,  -6, -14, -26,  -6,  -6,  -6, -18
 705,     1,  -6, -26,  -6, -14,  -6,  -6, -14,  -6, -14,  74,  -6,  -6,  -6,  -6, -26
 706,     1,  -4,  -4,  -4, -16,  -4,  -8,  -4,  -4,  -4,  -4,  -4,  -4, -12,  -4,  80
 707,     1, -25,  -5,  -5, -17,  -5, -21,  -5, -13,  -5,  -5,  -5,  83,  -5,  -9,  -5
 708,     1,  -8, -28,  -8, -24,  -8,  -8, -28, -32,  -8,  -8,  -8,  -8,  60, -20,  -8
 709,     1,  -9, -17,  -5,  -5, -17,  91, -21, -17, -17, -17, -21,  -5,  -5, -21,  -5
 710,     1,  -6,  -6, -14, -18, -18,  -6,  82, -10, -30, -10,  -6,  -6, -18,  -6, -18
 711,     1,  -4,  -4,  -4,  -4,  88,  -4,  -4,  -4,  -4,  -4, -16, -20, -12,  -4,  -4
 712,     1,  -4, -12, -20,  -4, -20,  88,  -4,  -4, -12,  -4, -16,  -4,  -8, -20,  -4
 713,     1, -12,  -4,  -4,  -4, -16, -12,  -8,  -4,  -4, -12,  -4, -16,  88,  -4,  -4
 714,     1,  -3, -11,  -3,  -3, -11,  -3,  -3,  -3, -11,  -3,  -7,  -3,  93,  -3,  -3
 715,     1,  -6,  -6, -18, -26,  -6, -26,  -6,  -6,  82,  -6, -14, -10,  -6,  -6,  -6
 716,     1, -13,  -5,  -5,  87,  -9,  -5,  -5,  -5,  -5,  -5, -21, -25,  -5,  -5,  -5
 717,     1,  -5,  -5,  -5,  -5,  -5,  -5, -25,  -5, -21,  -5,  -5,  -5,  -5,  91, -13
 718,     1,  -4, -16, -16,  -4,  -4,  -4,  -4,  88,  -4,  -8,  -4,  -4,  -4,  -4,  -4
 719,     1,  -8, -20,  -8, -32,  -8, -16,  -8,  -8,  -8,  -8,  72, -24, -32,  -8, -24
 720,     1,  -4,  -8,  -4,  -4,  -4,  84, -16,  -4,  -4,  -4,  -4,  -4,  -4,  -4,  -4
 721,     1,  -5, -21,  -5,  -9, -13,  -5, -21,  -5,  -5, -21, -13, -17,  -5,  -5,  79
 722,     1,  -7,  89,  -7, -15,  -7, -23,  -7,  -7,  -7, -27, -23,  -7,  -7, -19, -35
 723,     1,  -8, -32,  -8, -16,  -8, -24,  -8,  -8, -16,  -8, -28, -36,  80, -28, -28
 724,     1,  -5, -21, -25,  79,  -5,  -5,  -5, -13,  -9, -17,  -5,  -5,  -5, -17, -13
 725,     1, -35,  65,  -7,  -7,  -7,  -7,  -7, -15,  -7,  -7,  -7, -31, -15, -23,  -7
 726,     1,  -4,  -4,  -4, -20,  -4,  -4, -20, -20,  -4, -20, -20,  84,  -4,  -4,  -4
 727,     1,  -4,  -4,  -4, -12,  -4, -12,  -4,  84,  -4,  -4,  -4,  -4,  -4, -12, -12
 728,     1,  -8,  88,  -8,  -8,  -8, -20, -24,  -8,  -8,  -8,  -8, -40,  -8, -16, -36
 729,     1,  -6,  -6, -22,  -6,  -6,  -6, -18, -26,  -6, -18, -22, -14,  -6,  82,  -6
 730,     1, -14,  -6,  90,  -6,  -6, -14,  -6, -14,  -6,  -6,  -6, -26,  -6,  -6,  -6
 731,     0, -42, -10, -10, -10, -22, -42, -10, -18, -10, -10, -10, -10, -26, -38, -30
 732,     1, -17,  -5,  83, -13, -17,  -5,  -5,  -5,  -5,  -5, -21,  -5,  -5,  -5,  -5
 733,     1,  -7, -23, -15,  -7,  -7, -31,  -7, -15,  -7,  -7,  69,  -7,  -7,  -7,  -7
 734,     1, -13,  -5,  -5,  -5,  -5,  -9,  -5, -21,  -5,  91, -21,  -5,  -5,  -5, -17
 735,     1,  -5, -13,  -5,  -9,  87,  -5,  -5, -21,  -5,  -5,  -5,  -5,  -5, -25,  -5
 736,     1, -27, -35, -19,  -7,  -7, -31,  69, -15,  -7,  -7, -35,  -7, -11,  -7,  -7
 737,     1, -36,  -8,  -8,  -8, -20, -16, -12,  -8,  -8,  -8,  -8,  -8,  -8,  64,  -8
 738,     1,  -8, -24,  -8,  72,  -8,  -8, -28,  -8,  -8, -36, -16, -28,  -8, -20,  -8
 739,     1, -15,  -7, -23,  -7, -15, -35, -27,  -7,  -7,  69, -19, -27, -19,  -7,  -7
 740,     1,  -4, -16,  -4,  -4, -20,  -4, -16,  -4,  -4,  -4,  -4,  -4,  -4,  88, -16
 741,     1,  -2,  -2,  -2,  -2,  -2,  -6,  90,  -2,  -2,  -2,  -6,  -2,  -2,  -2,  -2
 742,     1,  -5,  -5,  -5,  -5, -17,  -5,  -5, -21,  -5,  -5, -13, -21,  -5, -17,  79
 743,     1,  -4,  -4,  -4, -20,  88,  -4, -12,  -4,  -4,  -4,  -4, -12,  -4, -12,  -4
 744,     1,  -5,  -5,  -5,  -5, -25,  91,  -5, -17, -17,  -5,  -5, -13,  -5,  -5,  -5
 745,     1,  -4,  -4,  -4,  -4,  80,  -4,  -4,  -4, -12,  -4, -16, -16,  -4,  -4,  -4
 746,     1,  -8, -24, -24, -24,  -8, -16,  -8, -20,  -8, -16,  76,  -8, -20,  -8,  -8
 747,     1,  -7,  -3,  -3,  -3,  -3,  89,  -3,  -3,  -3,  -3,  -3, -11, -11,  -3,  -3
 748,     1, -11,  -3,  -3,  -3,  -3,  -3,  -3,  -3,  -3, -15,  -3,  -7,  85, -11,  -7
 749,     1,  -4,  -4,  -4,  -4,  -4,  -4,  -8, -16,  -8,  88,  -4,  -8,  -4,  -4,  -4
 750,     1,  -6,  -6,  -6,  -6,  -6, -22,  -6,  -6,  -6,  -6,  -6,  70,  -6, -26,  -6
 751,     1, -10, -38, -26, -10, -10, -18,  66, -10, -10, -34, -10, -42, -30, -10, -10
 752,     1,  -7,  -3,  -3, -11,  85,  -3,  -3,  -3,  -3,  -3,  -3,  -3,  -3,  -3,  -7
 753,     1,  -4, -20,  -4, -12,  -4,  -4, -16, -20,  -4,  -4, -16,  -4,  -8,  84,  -4
 754,     1,  -9, -13,  -5,  -5,  -9,  -5,  -5, -17,  -5,  -5,  -5,  91,  -5, -21,  -5
 755,     1,  -3,  -3,  -3,  -3,  -3,  -3,  -3,  -3,  -3,  -3,  -3,  -3, -11,  93,  -3
 756,     1,  -3,  -3,  -3,  93,  -3,  -3,  -3, -11,  -7, -11,  -3,  -3, -15,  -3,  -3
 757,     1, -23,  -7,  -7, -27, -27,  -7,  -7,  -7,  89,  -7,  -7, -11,  -7,  -7,  -7
 758,     1, -13,  -5,  -5,  -5,  -5,  -5,  87, -13, -17,  -9,  -9,  -5,  -5, -13,  -5
 759,     1,  89,  -3,  -3,  -3,  -3,  -3, -11,  -3,  -3, -15, -11,  -7,  -3,  -3,  -3
 760,     1, -22, -10, -38,  54, -22, -14, -10, -10, -42, -10, -14, -10, -10, -10, -42
 761,     1,  -5,  -5,  -5, -13,  -5,  91,  -5,  -9, -21, -13,  -5,  -5,  -5,  -5, -21
 762,     1,  -8, -16, -16,  64, -36,  -8,  -8,  -8, -20, -24, -36, -36,  -8,  -8,  -8
 763,     1,  -4,  -4,  -4, -16,  -8,  -4,  88,  -4,  -4,  -4,  -4,  -4,  -4,  -8,  -4
 764,     1, -33,  -9, -41,  -9, -17, -29, -29,  -9, -13, -41, -21,  71,  -9,  -9, -41
 765,     1, -11,  -3,  -3,  -3,  -3,  -3,  -3,  -3,  -3,  -3,  89,  -3, -15,  -3,  -3
 766,     1, -12,  -4,  -4,  88,  -4,  -8, -12,  -4,  -4,  -4,  -4,  -4,  -4,  -4,  -4
 767,     1,  -8,  -8, -28,  -8, -12,  -8,  -8,  76,  -8,  -8, -24,  -8, -24,  -8, -20
 768,     1,  60, -28, -12, -16, -32,  -8, -16, -32, -36,  -8,  -8, -28,  -8, -32,  -8
 769,     1,  -6,  -2,  94,  -2,  -6,  -2,  -2, -10,  -2,  -2,  -6,  -2,  -6,  -2,  -2
 770,     1,  -2,  -2,  -2,  -2,  -2, -10,  -2,  -2,  -2,  94,  -2,  -2,  -2,  -2,  -2
 771,     1, -27, -27, -23, -31,  -7, -23,  -7,  73, -19, -27, -35,  -7,  65, -27,  -7
 772,     1,  -3,  -3,  -3,  -7,  -3,  -3,  -3,  -3,  -3,  -3,  85,  -3,  -3,  -7,  -3
 773,     1,  -6, -14,  -6, -10,  -6,  -6,  -6,  -6,  -6,  -6,  -6, -10, -18,  -6,  86
 774,     1,  -5,  -5,  91,  -5,  -5, -17, -13,  -5,  -9,  -5,  -5,  -9,  -5,  -5,  -5
 775,     1,  -3, -11,  -3,  -3,  -3, -15,  -3,  -3,  -3,  -3,  89,  -3,  -3,  -3,  -3
 776,     1,  -3,  -3,  -3, -11,  85,  -3,  -3,  -3,  -3,  -3,  -3,  -3, -15,  -3,  -3
 777,     1,  -3,  -3,  -7,  89,  -3,  -3,  -3,  -3,  -3,  -3,  -3,  -3,  -7,  -3, -11
 778,     1,  65, -27,  -7,  -7, -23,  -7, -15, -31,  -7,  -7,  -7,  -7,  -7,  -7,  -7
 779,     1,  -4,  -4,  -4,  -4,  -4,  -8,  92,  -4,  -4,  -4,  -4,  -4,  -4,  -4,  -4
 780,     1,  -5,  -5, -17,  -5,  -5,  -5,  -5,  -5, -13,  79,  -5,  -5, -21,  -5, -13
 781,     1, -13,  -5,  -5,  -5,  -5, -17,  -5, -17, -17,  -5,  -5,  -5,  -5,  -5,  87
 782,     1,  -5,  -5,  -5,  -5,  87, -17,  -5,  -9,  -5,  -5, -13,  -5,  -5,  -5,  -5
 783,     1,  -8, -12,  -8,  -8,  -8,  -8,  -8,  64,  -8, -32, -36,  -8,  -8,  -8,  -8
 784,     1,  -3,  -3, -15,  -3,  -3,  -3,  -3,  -3,  -3,  -3, -11,  85,  -3,  -3,  -3
 785,     1,  -6, -22,  86, -10,  -6, -26,  -6,  -6,  -6,  -6,  -6,  -6,  -6,  -6,  -6
 786,     1,  -5, -25,  87,  -5, -13, -17,  -5,  -5,  -5,  -5,  -5,  -5,  -5, -25,  -5
 787,     1,  -7,  -7,  77, -19, -15, -11,  -7, -11, -31,  -7, -35, -31, -23,  -7, -15
 788,     1,  -6,  -6, -30,  82,  -6,  -6,  -6,  -6,  -6, -10,  -6,  -6, -10,  -6,  -6
 789,     1,  -9, -29, -25,  -9,  -9,  -9, -37, -13, -13,  71,  -9,  -9,  -9, -21,  -9
 790,     1,  -2,  -2,  -2,  -2,  -2,  -2,  -2,  -6,  -2,  90,  -2,  -2,  -6,  -2,  -2
 791,     1, -17,  -5, -17,  -5,  -5, -21,  -5,  79, -17,  -5,  -9, -17,  -5,  -5,  -5
 792,     1,  -4, -12,  -4,  -4,  -4,  -4,  -4,  -4,  -4,  -4,  84,  -4,  -4,  -4, -12
 793,     1, -13,  -5,  -5,  79,  -5,  -5,  -5,  -5,  -5,  -5,  -5,  -5, -17,  -5, -17
 794,     1,  -2,  -2,  -2,  -6,  -2, -10,  -6,  -2,  -2,  -2,  -2,  -2,  90,  -2,  -2
 795,     1,  -9, -33, -25, -33,  -9,  -9, -41, -41,  -9,  -9, -41,  -9, -41,  83,  -9
 796,     1,  -7,  -7,  -7, -31,  -7, -15,  -7,  -7,  -7,  -7, -27,  -7,  -7,  89,  -7
 797,     1, -29, -17,  -9,  -9,  -9, -41,  67, -25,  -9,  -9,  -9,  -9,  -9,  -9, -25
 798,     1, -19,  -7,  -7, -15,  -7, -31,  -7, -19,  -7,  89, -15, -15,  -7,  -7, -31
 799,     1,  -3, -11,  -7,  85,  -3,  85, -15,  -3,  -3,  -3,  -3,  -3, -11,  -3,  -3
 800,     1,  -6,  74, -30,  -6, -18,  -6, -30,  -6,  -6,  -6, -10, -22,  -6, -14,  -6
 801,     1,  -9,  -9,  75, -17,  -9, -25,  -9, -25,  -9, -29, -25,  -9,  -9,  -9, -13
 802,     1,  -5,  -5,  -5,  -5, -17, -17,  87,  -5,  -5,  -5,  -5,  -5, -17,  -5,  -5
 803,     1,  -3,  -3,  -3,  -3,  -3,  -3,  -3,  -3, -11,  85,  -3,  -3, -11,  -3,  -3
 804,     1,  -3,  -3,  89,  -3, -15,  -3, -11,  -3,  -7,  -3,  -3,  -3,  -3,  -7,  -3
 805,     1,  -5,  -5, -21,  -9,  -5,  -5, -21,  87,  -5,  -5,  -5, -21, -21,  -5, -13
 806,     1,  -4,  80,  -4,  -4,  -4,  -4,  -4, -20,  -4,  -4,  -4,  -4,  -4,  -4, -12
 807,     1, -22, -10,  70, -18, -10, -10, -10, -10, -38, -42, -10, -22, -42, -26, -10
 808,     1,  -6,  -6,  -6,  78,  -6, -22,  -6,  -6, -22,  -6,  -6, -30, -30,  -6, -26
 809,     1, -15,  93,  -3,  -3,  -3,  -3,  -3,  -3,  -3, -15,  -3, -15,  -3,  -3,  -3
 810,     1,  87,  -5,  -5,  -5,  -5,  -5, -17, -17,  -9,  -5,  -5,  -5,  -5,  -5,  -5
 811,     1, -13,  -5,  -5,  -5,  -5,  -5, -25,  -5,  -5, -13,  79,  -5,  -5, -25,  -5
 812,     1, -16,  -4,  -4,  -4,  -4,  -8,  -4,  -4,  -4,  -4,  -4,  84,  -4, -12,  -4
 813,     1,  -5,  79, -13,  -5, -13, -21, -25, -17,  -5,  -5, -13,  -5,  -5,  -5,  -5
 814,     1,  -3,  -3,  -3, -15,  -3,  -3,  -3, -15,  93,  -3,  -3,  -3,  -3,  -3, -15
 815,     1,  -8, -28,  -8,  -8,  -8,  -8,  -8,  -8, -20, -28,  84,  -8, -16, -36,  -8
 816,     1,  -8, -36,  -8, -36, -36,  -8,  -8,  -8, -16,  72, -16, -32,  -8,  -8, -24
 817,     1,  -4,  -4,  88,  -8, -12, -12,  -4,  -4, -16,  -4,  -4,  -4,  -8,  -8,  -4
 818,     1,  -6,  -6,  -6,  -6, -30,  -6,  78, -26,  -6, -18,  -6,  -6, -18,  -6,  -6
 819,     1,  -8,  -8,  -8, -32,  -8,  -8,  -8,  -8,  72, -20, -32,  -8, -20,  -8,  -8
 820,     1,  -8,  92,  -4,  -4,  -4,  -4, -12,  -4,  -4,  -4, -20,  -4,  -4, -16,  -4
 821,     1, -16, -20,  -8, -28,  -8,  -8, -16,  64, -16, -12, -32,  -8, -20,  -8,  -8
 822,     1,  -8,  -4,  -4,  -4,  -4,  -4, -12,  -4,  -4,  -4,  -8,  84, -16,  -8,  -4
 823,     0, -11, -11, -31, -11, -11, -11, -35, -35, -27, -27, -11, -11, -15, -35, -11
 824,     1,  -6,  -6, -14,  -6,  -6, -30,  -6,  -6, -30,  -6,  -6, -30, -18,  82, -18
 825,     1, -25,  87,  -9,  -9, -41, -33,  -9,  -9,  -9, -41,  -9,  -9, -37,  -9,  -9
 826,     1, -22, -10,  74, -14,  -6, -30,  -6, -10,  -6, -22,  -6, -14, -14,  -6, -22
 827,     1,  -9,  -9,  -9,  -9, -41,  -9,  71,  -9, -33,  -9, -29,  -9,  -9, -41, -21
 828,     1,  -4,  -4,  -4, -16,  -4,  -4, -16, -16,  -4,  -4,  -4,  -4,  88,  -4,  -4
 829,     1, -22,  -6,  -6,  -6, -30,  -6,  -6,  -6,  -6,  -6,  -6, -22,  -6,  78,  -6
 830,     1, -10, -38, -42, -18,  62, -26, -14, -10, -38, -22, -22, -10, -26, -14, -18
 831,     1,  -4,  -4,  -4,  84,  -4,  -4,  -4,  -8,  -4,  -4,  -4,  -4,  -4,  -4, -16
 832,     1,  -2,  -2,  -2,  -2,  -2,  -2,  -2,  -2,  -2,  -2,  94,  -2,  -6,  -2,  -2
 833,     1,  -4,  -4,  -4,  -4,  -4,  -8,  -4,  84,  -4,  -4,  -4,  -4, -20, -12,  -4
 834,     1,  -3,  -3,  -3,  -3,  -3,  -7,  -3,  -3,  -3, -15, -11,  -3,  93,  -3,  -3
 835,     1,  -2,  -2,  -2,  94,  -2,  -2,  -2,  -2,  -2,  -2,  -2,  -2,  -2,  -2,  -2
 836,     1,  -6, -26,  -6, -10, -18, -26,  74,  -6, -10, -26,  -6, -18, -26, -22, -22
 837,     1,  -4,  -4,  -4,  -4,  -4, -12,  -8,  -4,  -4,  -4,  80, -12,  -4, -12,  -4
 838,     1,  -6, -14,  -6,  -6,  -6, -30, -10,  82,  -6,  -6,  -6,  -6, -30,  -6, -14
 839,     1,  -9, -17,  -9,  -9, -37,  -9,  -9, -33,  -9,  -9, -21, -41,  -9, -21,  59
 840,     1,  -5,  -5, -17,  -5,  -5,  -5, -13,  -5,  -5,  -5,  -5, -25,  79,  -5,  -5
 841,     1, -18, -10,  -6,  -6,  -6,  -6,  -6,  -6,  -6,  -6, -22,  -6,  90, -26,  -6
 842,     1,  -6,  -6, -22,  -6,  -6,  78,  -6,  -6,  -6,  -6, -26,  -6, -22,  -6, -14
 843,     1,  -3,  -3,  -3,  -3,  -3,  -3,  -3,  -3, -11,  -3,  -3,  89,  -3,  -3,  -7
 844,     1, -18,  -6,  -6, -14,  -6, -10,  82,  -6,  -6,  -6,  -6, -10, -22, -14,  -6
 845,     1, -36,  -8,  76, -36,  -8,  -8,  -8, -16,  -8, -20,  -8,  -8, -24, -40, -32
 846,     1,  -3,  -3,  -7,  -3,  -3,  -7,  -3,  -3,  -3,  -3,  -3, -15,  -3,  93,  -3
 847,     1,  -2,  -2,  -6,  -2,  -2,  94,  -2,  -2,  -2,  -2,  -2,  -2,  -2,  -2,  -2
 848,     1,  -3,  -3,  -7,  -3, -11,  -3, -11,  -3,  93,  -3,  -3,  -3,  -3,  -3,  -3
 849,     1, -35, -35,  81, -15,  -7,  -7, -35,  -7,  -7,  -7, -27,  -7, -23,  -7,  -7
 850,     1,  -4,  -8,  -4,  -4,  -4,  -4,  84, -20,  -4, -12,  -4,  -4,  -4,  -4,  -4
 851,     1,  -3,  -3,  -3,  -3,  -7,  -7,  -3,  -3, -11,  -3,  -3,  85,  -3,  -7, -11
 852,     1,  -8,  64,  -8,  -8,  -8, -28, -12, -28, -24,  -8,  -8,  -8,  -8,  -8, -28
 853,     1,  -4, -16,  -4,  -4,  -4,  -4,  -8,  84,  -4, -12,  -4,  -4,  -4,  -8,  -4
 854,     1, -12,  -4,  -4,  84,  -4,  -4,  -8, -16, -16, -16,  -4, -16, -20,  -4,  -4
 855,     1,  -9,  -9,  -9,  -9,  -9,  -9, -25,  -9,  -9,  63, -29, -25, -21, -13,  -9
 856,     1,  -5, -21,  -5, -25,  -5,  83,  -5,  -5, -13,  -5,  -5,  -5,  -5, -21, -17
 857,     1,  -8,  -8,  -8,  84, -16,  -8, -28, -12, -28,  -8, -12, -20, -12, -24, -36
 858,     1,  -8, -16, -12,  -4,  -8,  -4,  88,  -4,  -4,  -4,  -8, -16,  -8,  -4, -12
 859,     1,  -3,  -3, -15,  -3,  85,  -3,  -3,  -3,  -3,  -3, -15,  -3,  -3,  -3,  -3
 860,     1,  -3,  -3, -15,  89,  -3,  -3,  -3,  -7,  -3,  -3,  -3,  -3,  -3,  -3,  -7
 861,     1,  -8,  -8,  -8,  -8,  80, -36, -24, -24, -20, -40,  -8,  -8, -12, -36,  -8
 862,     1,  -4,  -4,  -4,  -4,  -4,  -4,  -4,  88,  -4,  -4, -12,  -4,  -4,  -4,  -4
 863,     1,  -3, -11,  -3,  -3,  93,  -3,  -3,  -3,  -3,  -7, -15,  -3,  -3, -11,  -7
 864,     1, -10, -10, -14, -42, -10, -42, -10, -10,  62, -10, -38, -42, -10, -42, -10
 865,     1, -33, -21, -13,  -9, -25, -13, -41, -41,  -9, -33,  -9, -37,  63,  -9,  -9
 866,     1,  -9,  -9, -21, -41,  -9, -37, -33, -21,  67,  -9,  -9, -29,  -9,  -9, -41
 867,     1,  -7,  -7,  -7,  -7,  -7,  89,  -7,  -7,  -7, -31,  -7, -27,  -7,  -7,  -7
 868,     1, -31,  -7, -15, -31,  -7, -35, -23, -31,  -7,  -7,  -7,  81,  -7,  -7, -23
 869,     1,  -4,  -8,  -4,  92, -12, -16,  -4, -20,  -4,  -4,  -4, -16,  -4,  -4, -20
 870,     1, -12, -28, -28,  -8,  -8,  -8, -32, -16, -16,  -8,  -8, -12, -40,  88, -20
 871,     1,  -4,  -8,  -8, -12,  -4,  -4,  -4,  -4,  -4,  -4,  -4,  88,  -4,  -4,  -4
 872,     1,  -8,  -8, -16, -24, -28, -36, -12,  -8,  -8,  -8, -36,  -8,  -8,  -8,  64
 873,     1, -15,  -7, -19, -27,  -7,  -7, -35, -23,  -7, -31,  -7,  73,  -7, -23,  -7
 874,     1,  -5,  -5, -21,  -5, -25,  -5,  -9,  -5,  -5,  -5,  -5, -21,  -5,  -5,  79
 875,     1,  -2,  94,  -2,  -2,  -2,  -6, -10,  -2,  -2,  -2,  -2,  -2,  -6,  -2,  -2
 876,     1,  -3,  -3,  -3, -11, -15, -11, -11,  -7,  93,  -3,  -3,  -7,  -7,  -3,  -3
 877,     1,  -2,  -2,  -2,  -2,  -2,  -2,  -2,  -2, -10,  -2,  -2,  -6,  -2,  -2,  90
 878,     1,  -7,  -7,  -7,  -7,  -7, -27,  81,  -7,  -7,  -7,  -7,  -7, -31,  -7,  -7
 879,     1, -20,  -4, -16, -16,  -4, -12,  -4,  -4,  -4,  -4, -12,  -8, -12,  -4,  92
 880,     1, -23, -15, -11, -27,  -7, -19, -11,  -7,  -7,  -7, -35, -23,  73, -27, -11
 881,     1, -11,  -3,  -3,  93,  -7,  -3,  -3,  -3, -15,  -3,  -3,  -3, -11, -11,  -3
 882,     1,  -6, -26, -10,  -6,  86,  -6,  -6, -18,  -6, -18,  -6, -10,  -6,  -6,  -6
 883,     1,  -7, -11, -23,  -7,  -7,  -7,  69, -31,  -7,  -7,  -7,  -7,  -7,  -7,  -7
 884,     1,  -7, -11, -27, -19,  -7,  -7, -27,  -7,  65, -27,  -7, -31,  -7, -11, -11
 885,     1, -22,  -6,  74,  -6, -18,  -6,  -6, -10, -18, -22,  -6,  -6,  -6,  -6,  -6
 886,     1,  93,  -3,  -7,  -3,  -7,  -3,  -3,  -3,  -3,  -3,  -3,  -3,  -3,  -3,  -7
 887,     1,  -5,  -5, -21,  -5,  87,  -5,  -5,  -5,  -5,  -5,  -5,  -5,  -5,  -5,  -5
 888,     1,  89,  -3,  -3,  -3,  -3,  -3,  -3,  -3,  -3,  -3,  -3,  -3,  -3, -11,  -3
 889,     1,  -4, -12,  -4, -16,  92,  -4,  -4,  -4,  -4,  -8,  -4,  -4,  -4,  -4,  -4
 890,     1, -40,  -8,  -8, -20,  -8, -40,  60,  -8,  -8, -40, -12,  -8, -20,  -8,  -8
 891,     1,  -3, -11, -11,  -3,  93, -15,  -3,  -7,  -3,  -3,  -3,  -3,  -3, -11,  -3
 892,     1,  -7,  -3,  -3,  -3,  -3, -11, -11,  -7,  -3,  -3,  -3,  -7,  -3,  93,  -3
 893,     1,  -9, -33,  -9,  -9,  -9,  -9,  75, -29,  -9,  -9, -33,  -9,  -9, -33,  -9
 894,     1, -28, -28,  -8, -20,  68, -28, -16,  -8, -20, -16, -28,  -8,  -8,  -8,  -8
 895,     1,  -6, -30,  -6,  78,  -6,  -6, -14,  -6,  -6, -10,  -6,  -6,  -6,  -6,  -6
 896,     1,  -9, -17,  -9,  -9, -21,  -9, -37, -37,  -9,  -9, -25,  -9, -41,  -9,  63
 897,     1, -41, -41, -37,  -9,  67, -41,  -9,  -9,  -9, -41,  -9,  -9,  -9,  -9,  -9
 898,     1, -31,  65, -27,  -7,  -7,  -7,  -7,  -7, -27,  -7, -23, -19,  -7, -11, -11
 899,     1,  -7, -15,  -3,  -3,  -3, -11,  -3,  -3, -11,  -3, -11,  -3,  89, -11, -11
 900,     1,  -7, -23,  -7,  73,  -7, -27, -35,  -7,  -7,  -7,  -7,  -7, -15,  -7,  -7
 901,     1,  -3,  93,  -3,  -3,  -3,  -3,  -7,  -3,  -3,  -3,  -3,  -3,  -3,  -3,  -3
 902,     1,  -4,  -4,  -4, -20,  -4,  -8,  -4, -12,  92,  -4,  -4, -12,  -4,  -4,  -4
 903,     1, -16,  -8, -16,  -4,  -4,  -4,  80,  -4,  -4,  -4,  -4, -20,  -4,  -4, -12
 904,     1,  -2,  -2,  -2,  -2,  -2,  -2,  -2, -10,  -2,  -2,  -2,  94,  -2,  -2,  -2
 905,     1, -11,  -7,  -7,  -7,  -7,  -7,  -7, -31, -31,  73,  -7,  -7,  -7,  -7, -23
 906,     1, -41,  -9,  -9, -41, -29, -41, -33,  -9, -25,  67,  -9,  -9,  -9, -33, -33
 907,     1, -12, -16,  -4,  -4,  -4,  -4,  -4,  -4,  -4,  -4,  -4, -20,  -4,  -4,  92
 908,     1, -24,  -8, -20, -36,  -8, -12,  -8,  -8,  72, -12,  -8,  -8,  -8,  -8,  -8
 909,     1,  -5,  -5, -13,  -5,  79, -13,  -5,  -5, -17,  -5,  -5,  -5,  -5, -25,  -9
 910,     1,  -6,  -6, -18, -14, -22,  -6,  -6,  -6,  86, -22,  -6, -26, -18,  -6,  -6
 911,     1,  -9,  71, -29,  -9,  -9, -37, -29, -25,  -9, -37,  -9,  -9, -21, -13,  -9
 912,     1,  -2,  -2,  -2,  -2,  -2,  -2,  90,  -2,  -6,  -2,  -2,  -2,  -2,  -2,  -2
 913,     1, -17,  -9,  63, -29, -37,  -9, -37, -41,  -9, -37, -33,  -9,  -9, -41,  -9
 914,     1,  70,  -6,  -6, -10,  -6,  -6, -26, -10, -18,  -6,  -6, -10, -10, -22,  -6
 915,     1, -17, -29, -25, -25, -21,  -9,  -9, -25,  -9, -21,  -9, -21,  59,  -9,  -9
 916,     1,  58, -10, -10, -18, -10, -10, -10, -14, -10, -14, -10, -30, -10, -10, -26
 917,     1,  -7,  -7,  -7,  -7,  65, -11, -11, -11, -19, -15,  -7, -11,  -7,  -7,  -7
 918,     1, -32, -36,  64,  -8,  -8, -12,  -8,  -8,  -8,  -8,  -8, -36, -28, -24,  -8
 919,     1, -27,  -7,  -7,  -7, -11,  -7,  -7,  -7, -19,  -7, -31, -23, -23,  65, -11
 920,     1,  -7,  -7, -23,  -7,  -7,  -7,  -7, -31,  65, -19,  -7, -27,  -7,  -7, -27
 921,     1,  -5,  -5,  -5, -13, -25,  87,  -5,  -5, -25,  -5, -13, -13,  -5,  -5,  -5
 922,     1, -11,  -3,  -3,  -3,  -3,  -3,  85,  -3,  -7,  -3,  -3,  -3,  -3,  -3,  -3
 923,     1,  -2,  -2,  -2,  -2,  -2,  94,  -2,  -2, -10,  -2,  -2,  -2,  -2,  -2,  -2
 924,     1, -17,  -5, -25, -13, -21,  -9,  79,  -5, -21,  -5,  -5, -25,  -5, -13, -17
 925,     1,  -5,  -5, -17,  -5,  -5,  -5, -13,  -5,  -5,  79,  -5, -25,  -5,  -9, -17
 926,     1,  -7,  -7, -15,  -7,  -7,  -7,  -7, -27,  -7,  -7,  -7,  85,  -7, -27,  -7
 927,     1,  84,  -8,  -8, -24,  -8,  -8, -16, -20,  -8, -36,  -8, -32,  -8, -20, -12
 928,     1, -11,  -7,  -7,  -7,  -7, -11,  -7, -19,  -7,  -7, -19,  77,  -7,  -7, -19
 929,     1, -10, -46, -38, -10, -42, -10,  62, -42, -38, -10, -42, -38, -26, -10, -18
 930,     1,  -5,  -5,  -5,  -5,  -5,  -5,  -5,  -5,  91,  -5,  -5,  -5, -17,  -5,  -5
 931,     1, -15,  -7,  -7, -31, -27,  -7,  -7, -11,  -7,  77, -23, -19,  -7, -31,  -7
 932,     1,  -4,  -4,  -4,  -4,  -4,  92, -16, -20, -16,  -4,  -4,  -4,  -4, -12,  -4
 933,     1,  -3,  -3,  -3,  -3,  -3,  -3,  -3, -15,  -3,  -3,  -3,  -3,  -3,  85,  -3
 934,     1,  -2,  90, -10,  -2,  -2,  -2,  -2,  -2,  -2,  -2,  -2,  -2,  -2,  -2,  -2
 935,     1,  -5,  83,  -5,  -5, -17,  -5,  -5,  -9,  -5, -17,  -5,  -9,  -5,  -5,  -5
 936,     1, -10,  -6, -14, -26,  -6,  -6,  -6,  -6,  86,  -6, -18, -14, -18,  -6, -14
 937,     1,  -4, -12,  -4,  -4, -12,  -4,  -4,  -4,  -4, -12,  92,  -4,  -4,  -4, -12
 938,     1,  -9,  67, -41,  -9, -33,  -9,  -9, -33, -29,  -9,  -9, -17, -21,  -9,  -9
 939,     1,  -4, -12,  -4,  -4,  -4,  -4,  -4,  -4,  -4,  -4,  -8,  -4,  92,  -4, -20
 940,     1,  -9,  -9, -41,  59, -33,  -9, -33, -17, -37,  -9, -37, -33, -41,  -9, -41
 941,     1,  -6, -14, -18,  86,  -6, -14,  -6,  -6,  -6, -18,  -6, -14,  -6, -26,  -6
 942,     1, -13,  -5,  -5,  -5,  87,  -5,  -5,  -5,  -5, -13,  -5,  -5, -17,  -9,  -5
 943,     1,  -3,  -3,  -3,  -3,  -7,  -3,  -3,  -3,  -3,  -3, -15,  93,  -3,  -3, -15
 944,     1,  59,  -9, -17, -41, -21,  -9, -21,  -9,  -9,  -9, -21, -41, -21,  -9,  -9
 945,     1,  -3,  -3,  -3,  -3,  -3,  -3, -11,  -3,  -3,  -3,  -3,  -3,  85,  -3,  -3
 946,     1,  84,  -4,  -4,  -4,  -4,  -4,  -4,  -4,  -4, -12, -16,  -4,  -4,  -4, -20
 947,     1,  -6,  -6, -14,  -6, -18, -18, -10, -30,  -6,  -6,  -6, -10,  -6,  90,  -6
 948,     1,  -7,  -7, -31, -15, -35,  -7,  -7, -31, -15,  -7, -19,  85, -31,  -7, -31
 949,     1,  -4,  -8,  -4,  -4,  -4,  -4,  -4,  -4, -20,  -4, -20,  92, -16,  -4,  -4
 950,     1,  -3,  -3,  -3,  -3,  -3,  -3,  85, -11,  -3,  -3,  -3,  -3,  -3, -15, -15
 951,     1,  -6,  -6, -22,  -6, -14,  -6, -22,  -6,  -6, -22, -14, -30,  78, -22,  -6
 952,     1,  -4, -20,  -4,  -4,  -4,  -4,  -4, -16,  -4,  -4,  -4,  84, -12,  -4, -16
 953,     1, -26, -10, -10,  -6, -30, -14,  -6,  -6, -10,  -6, -10,  74,  -6,  -6, -22
 954,     1,  -4, -16, -16, -12,  -8,  -4,  -4,  -4,  -8,  -4,  84,  -4, -20,  -4,  -8
 955,     1, -18, -22, -18,  -6, -22,  -6,  70,  -6,  -6, -30, -22,  -6,  -6,  -6,  -6
 956,     1,  -7,  -7,  -7, -11, -31, -11,  -7,  -7,  -7,  77, -19,  -7,  -7,  -7, -27
 957,     1,  -9,  -9,  71,  -9,  -9,  -9, -37,  -9,  -9, -25,  -9, -21,  -9, -25, -13
 958,     1,  -2,  -2,  -2,  -2,  -2,  -2,  90,  -2,  -2,  -2,  -2,  -2,  -2,  -2,  -2
 959,     1,  -4,  -4,  -8,  -4,  -4,  -4,  -4,  -4,  -4,  -8,  84,  -4, -16, -16,  -4
 960,     1,  -7,  -7,  -7,  -7, -15,  -7,  -7,  -7,  85,  -7,  -7,  -7, -15, -31,  -7
 961,     1,  87,  -5, -21,  -5,  -5,  -5,  -5,  -9,  -5,  -5,  -5,  -5,  -5,  -9,  -5
 962,     1, -17,  87,  -5,  -5,  -5,  -5,  -5, -13,  -5, -21,  -5, -21, -25,  -5, -21
 963,     1, -10, -26, -26,  86, -18, -42, -10, -18, -10, -10, -10, -38, -30, -18, -10
 964,     1,  -4,  -4,  -4,  -4,  -4,  -8,  -4, -12,  -4,  -4,  -8,  84, -12,  -4,  -8
 965,     1,  -7,  -7, -11,  -7,  -7,  -7, -19, -19,  85,  -7, -27,  -7,  -7,  -7, -35
 966,     1, -20, -16,  -4,  88,  -4,  -4, -20, -16,  -8,  -4, -12,  -4,  -4,  -4,  -4
 967,     1, -14,  90, -10, -14, -26, -26,  -6, -22,  -6, -22,  -6, -22,  -6,  -6,  -6
 968,     1,  -6,  -6,  -6,  90, -30,  -6,  -6,  -6,  -6,  -6,  -6, -14,  -6,  -6,  -6
 969,     1,  -7,  69,  -7,  -7,  -7,  -7, -35, -27, -31,  -7,  -7, -27,  -7,  -7, -23
 970,     1,  92,  -4,  -4,  -8, -16,  -4,  -4, -20, -12,  -4,  -4,  -4,  -8,  -8, -16
 971,     1,  -3,  -3,  -3,  -3, -15,  -3,  -3,  -3,  -3,  -3, -11,  -3, -11,  -3,  93
 972,     1, -10, -10,  58, -22, -10, -14, -22, -10, -10, -10, -10, -42, -26, -10, -10
 973,     1,  -6, -30,  -6,  -6,  -6, -26, -10,  -6, -14, -30, -26,  -6,  -6,  86, -26
 974,     1,  -3,  -3,  -7,  -3,  -3,  -3,  -3,  -3,  -3,  -7,  89,  -3,  -3,  -3,  -7
 975,     1, -28,  -8,  -8,  -8,  -8, -20,  84, -28,  -8,  -8,  -8, -36, -32,  -8, -32
 976,     1,  -2,  -2,  -2,  -2,  94,  -2,  -2,  -2,  -2,  -2,  -2, -10,  -2,  -2,  -2
 977,     1,  -5, -21,  83,  -5,  -5,  -5, -13,  -9,  -9,  -5,  -5,  -5,  -5, -17,  -5
 978,     1,  -3,  -3,  -3,  -3,  -3,  -3,  -3,  -3,  -3,  -3,  85,  -3,  -3,  -3,  -3
 979,     1,  -6,  -6, -26,  -6,  -6, -30,  -6,  -6,  78, -14,  -6,  -6,  -6, -30, -22
 980,     1,  -4, -16,  88,  -4,  -4,  -4,  -4, -12, -16,  -4, -12,  -4, -12,  -4,  -4
 981,     1,  -6, -26,  -6,  -6, -22, -22,  -6,  86,  -6,  -6,  -6,  -6, -10,  -6, -22
 982,     1, -11,  -7, -31, -11,  -7,  -7, -11,  -7, -27, -11, -31,  -7,  65, -31,  -7
 983,     1, -22, -18,  -6,  90, -10, -30,  -6,  -6, -18,  -6, -26,  -6, -26,  -6,  -6
 984,     1, -17,  -9, -29, -41, -21, -33,  -9,  -9,  67, -13,  -9,  -9, -13,  -9, -29
 985,     1, -37, -17, -41,  63, -21, -29,  -9, -21, -21, -33,  -9,  -9, -33,  -9, -17
 986,     1,  -4,  -4,  -4, -20,  -4,  -4, -12,  -4,  84,  -4,  -8,  -4, -16,  -4, -20
 987,     1,  -3,  -3,  -7,  -3, -15,  -3,  -7, -11,  -3,  -3,  -3,  -3,  -7,  89,  -3
 988,     1, -22, -10, -10, -10,  66, -10, -30, -38, -22, -34, -22, -26, -10, -26, -30
 989,     1,  90,  -6,  -6,  -6,  -6, -22,  -6,  -6,  -6, -30, -18, -18,  -6,  -6,  -6
 990,     1, -12, -16,  -4, -12,  88,  -4,  -8, -20,  -4,  -4,  -4,  -4,  -4,  -4,  -4
 991,     1,  -8, -36,  -8,  -8,  -8, -28,  -8,  -8, -12,  -8,  72,  -8,  -8,  -8,  -8
 992,     1,  -5,  -5,  91, -13,  -5,  -5,  -5,  -5,  -5,  -5,  -5, -21,  -5,  -5,  -5
 993,     1, -21, -21,  -5,  -5, -21,  -5,  -5,  -5,  87,  -5, -13,  -5, -21,  -5,  -5
 994,     1,  -5,  -5, -17,  -5, -17, -13,  -9, -17,  91,  -5,  -5,  -5,  -5, -17,  -5
 995,     1,  -7,  -7, -27,  -7,  -7,  -7,  -7, -23,  89,  -7,  -7, -19, -11,  -7, -27
 996,     1, -19, -11,  -7, -19,  -7,  -7,  65,  -7, -15,  -7,  -7,  -7,  -7, -27, -11
 997,     1,  -7,  -7,  -7, -23,  89, -19,  -7, -35,  -7, -27,  -7, -31, -15,  -7,  -7
 998,     1,  -9,  -9,  63,  -9, -13, -25, -13,  -9, -37,  -9,  -9, -21,  -9, -41, -13
 999,     1, -22, -42, -10, -30, -10, -10, -42,  58, -18, -34, -10, -14,  74,  66, -10
